4.020709505262495265e-01
7.671377914256212183e-01
6.849548296591644325e-01
4.290018543828315600e-01
4.114092226339227665e-01
2.915278803997383705e-01
7.135074669567048611e-01
7.107099513019521364e-01
2.635614167147561915e-01
2.943141570832158438e-01
7.092498206316042442e-01
6.541606832592468113e-01
7.025035914249555535e-01
7.025035914249555535e-01
6.366683854211623306e-01
7.025035914249555535e-01
1.618742347178380170e-01
6.275923134892538169e-01
4.267153243010550767e-01
4.267153243010550767e-01
3.301611266763173069e-01
5.738585594316729654e-01
6.275923134892537059e-01
3.714589132082121714e-01
4.267153243010550767e-01
3.750161365423088089e-01
3.745381883005248769e-01
