6.729899133216447060e-01
7.660611675989728031e-01
6.997287822722633166e-01
7.026342122565983894e-01
7.226556645125487011e-01
6.986667125092953512e-01
7.695781611603645933e-01
6.136850930111125146e-01
3.885034840768329945e-01
1.974334164643434808e-01
7.838691404304006793e-01
4.092147900643025027e-01
4.193544194655889346e-01
6.036575581618494057e-01
5.871904124777295175e-01
3.977854457979637659e-01
5.422663785844705764e-01
4.310994377667649591e-01
3.202792518525015009e-01
7.796114152375417383e-01
3.263659367864305549e-01
2.549088224566484207e-01
2.137216103485454766e-01
2.695911523523035203e-01
2.586051760113757814e-01
5.361978455945110023e-01
4.317416160360706967e-01
5.022171288026665570e-01
3.443875232089386729e-01
3.856503423995610302e-01
7.935379150998327080e-02
6.721349379351594377e-01
4.083002079329653422e-01
4.456752867267136931e-01
3.430183500754875325e-01
4.410952678951375328e-01
4.402144590033771898e-01
3.334469496900515084e-01
4.365498659486969357e-01
2.023965222152914467e-01
2.347188463264193448e-01
2.933753306354641710e-01
3.768761017308353001e-01
6.613068556656355179e-01
9.120883650759734618e-01
2.136161770557448991e-01
4.825085214432549008e-01
5.574336966001846028e-01
7.002506137962103416e-01
6.964581516195282873e-01
0.000000000000000000e+00
3.990282749151224384e-01
5.186719843029365951e-01
2.268845484488203057e-01
3.732766240894788146e-01
6.729606533792543699e-01
5.617482914255357285e-01
5.368286389614541632e-01
4.873899668621212156e-01
6.857916852889003323e-01
6.845587410154483354e-01
5.990143946007363551e-01
5.976199972820800399e-01
4.929777672613318007e-01
4.256555541321335734e-01
7.193331902863511207e-01
6.652548590965980946e-01
4.411371095825008526e-01
5.260463206290418858e-01
6.096327589115921874e-01
5.326694528495393710e-01
6.965785673958004853e-01
5.807227926517396499e-01
1.925503622710811324e-01
6.180417185598232610e-01
7.244595924992799363e-01
3.391567006624742198e-01
6.545451424961432618e-01
4.476939105856236889e-01
3.075987001584571945e-01
7.092687913186646043e-01
8.531539695785770316e-01
5.995486164516899974e-01
7.980776745484624568e-01
3.750582026384851053e-01
4.402032261931084767e-01
5.777685993816252807e-01
5.930930099517492948e-01
2.539553856456358005e-01
0.000000000000000000e+00
7.671149276175721621e-01
7.581414949617187871e-01
8.265181860941213099e-01
3.355385746956551785e-01
3.122509264389511929e-01
7.479183985464336049e-01
7.279317758870076371e-01
5.224868420803319147e-01
3.070981052056989680e-01
5.580635900000214811e-01
6.267029401050869808e-01
2.189089336141671616e-01
4.139143183258345848e-01
4.616492852575473926e-01
1.764514781851591330e-01
4.937087533098192260e-01
7.380122136857103499e-01
6.150249701889711762e-01
3.099899638385812950e-01
5.891811392521232316e-01
5.093997274870090131e-01
4.022783094020990768e-01
9.425809386331365225e-01
5.651474757723946585e-01
3.099211835172069884e-01
1.657501319593322198e-01
4.261443513940532668e-01
7.382220348189048043e-01
3.209087007696231342e-01
6.882634408676884252e-01
1.831998242171840041e-01
4.055591203687693436e-01
2.146921037819417011e-01
1.887213021237355015e-01
2.417045457321220780e-01
3.302100687485789443e-01
5.980596357706026156e-01
8.556367646988414233e-01
3.298324876259874361e-01
3.192664906723140517e-01
8.456322369004098949e-01
6.784050415676160517e-01
4.814133344971748274e-01
8.430444106166228302e-01
5.361978455945110023e-01
4.079877866176732648e-01
1.477463910766565747e-01
3.015462517713609625e-01
4.140835662072712697e-01
4.071788876318451211e-01
2.880959977344598189e-01
3.166875880898857298e-01
6.410685101801141261e-01
1.965109354679154263e-01
1.305746755465964082e-01
4.559989550516848622e-01
4.574037510001320861e-01
6.469052796690146767e-01
2.346843902549357874e-01
3.022316163913057463e-01
4.086200991443605934e-01
5.361978455945110023e-01
4.131642634033863004e-01
5.034007967054601185e-01
5.281231023754677789e-01
6.419835685181213281e-01
6.681962743430505114e-01
3.263659367864305549e-01
5.368889370953927598e-01
2.043537607817249302e-01
8.569182361811562565e-01
4.401879003024630754e-01
5.441392498096532249e-01
8.991427867263268592e-01
5.085989965526018786e-01
2.826899538512049892e-01
8.817864635109408100e-01
8.991427867263268592e-01
3.261651655702797470e-01
2.705978569094720232e-01
5.624579639109263951e-01
2.719323429900850631e-01
2.943496424243412513e-01
3.687922850231299399e-01
5.081730853289794236e-01
3.885034840768329945e-01
6.136850930111125146e-01
6.985125309489390588e-01
1.778059860494766720e-01
6.520298862404367846e-01
9.575360540829046530e-01
7.623204781938780483e-01
4.617946133197274872e-01
6.127244919634123876e-01
7.332522648872855653e-01
4.164754656314272330e-01
6.073820523490170986e-01
4.811981320602036760e-01
4.584963367964594028e-01
2.730519892775299384e-01
4.114344649747037064e-01
4.960705401056078045e-01
4.854745288748222309e-01
8.258656624034457217e-01
9.553401792841358375e-01
1.644384608804788095e-01
4.946475265151054623e-01
7.197519961017658785e-01
6.355660692884167462e-01
7.669681595318060818e-01
4.976629420271573290e-01
4.338077796270929376e-01
4.744743689714818746e-01
5.858143811635357912e-01
5.092757597717012530e-01
2.404055643724132552e-01
2.448351709811564803e-01
6.681416319771172896e-01
4.792095326506680686e-01
4.745061281503171191e-01
4.876828737543401071e-01
2.917100172469878627e-01
2.546649200728510753e-01
5.204313356560626991e-01
5.205909923607091594e-01
3.761424180412674678e-01
5.895530686696910383e-01
6.729262624156072681e-01
4.649591966995985648e-01
3.155075185671740168e-01
4.490367030252570002e-01
5.317929808850453410e-01
5.374370553160809916e-01
4.906966451779795069e-01
4.244263570339814606e-01
5.454713611401933449e-01
3.668625053406412428e-01
3.535317168313935055e-01
4.280194029787152132e-01
5.752340680769565395e-01
5.722163181231678664e-01
6.889219099950298908e-01
4.743527557744336431e-01
5.220145795103713349e-01
1.457143810397621142e-01
2.396362995330757750e-01
3.299766245637066331e-01
5.288471731920481034e-01
6.856578754702542522e-01
6.176261369988401695e-01
2.182155579344546570e-01
5.175416255392660814e-01
3.230163550139551476e-01
4.696270918485943024e-01
4.539198025428975991e-01
9.065453891228657524e-01
6.838743556149194935e-01
3.760867695552881362e-01
6.423141918438957099e-01
4.530688964494865578e-01
7.269239818780615092e-01
3.367328938173826391e-01
4.083854919648275406e-01
9.547263561684875555e-01
3.069666599097646831e-01
5.103356690135978369e-01
4.147819535797687696e-01
6.479751823794004384e-01
6.359227535561289280e-01
6.143174733918332908e-01
3.608734008271519134e-01
4.784482331671877642e-01
0.000000000000000000e+00
4.076090382981737981e-01
3.045929586477975626e-01
6.116161211460362512e-01
1.831939904536188657e-01
3.016780041679719138e-01
3.311018070695593285e-01
7.521612024266832730e-01
8.386275458363512403e-01
2.307389700067786209e-01
3.918249996208749697e-01
3.913471170450438241e-01
3.828914211518433253e-01
3.290431272064110457e-01
5.747063334606610230e-01
2.714984639760364971e-01
3.016254963915197540e-01
2.690659931636105728e-01
3.762784961312019560e-01
1.988840506536298791e-01
1.123665049145353839e-01
3.006751566234439066e-01
4.574037510001320861e-01
6.419835685181213281e-01
4.410952678951375328e-01
2.146594821521035090e-01
5.453122254826611170e-01
2.784058457602813785e-01
5.325096337344252806e-01
2.765580757059262762e-01
9.128876238132109799e-01
1.888106602302140891e-01
4.746510409257376772e-01
4.419883565218108989e-01
5.361978455945110023e-01
6.681962743430505114e-01
4.456752867267136931e-01
4.057045152883894668e-01
5.263977177896119741e-01
6.586669600139249958e-01
6.789224295368971873e-01
4.097606431934194826e-01
7.286435819209211573e-01
6.350977700779688595e-01
6.807022795870982801e-01
9.224061745706856330e-01
8.325886851909899411e-01
4.381388066462422737e-01
6.338965937121781025e-01
2.691198351740126671e-01
8.760330300272837212e-01
8.673994647938585434e-01
6.186790164055453456e-01
4.845128741506200543e-01
5.345619814898561195e-01
4.769315952191731656e-01
5.070003963110547573e-01
5.812216811112004278e-01
6.753797209546534841e-01
3.281156434554103329e-01
5.517841647362003998e-01
4.265516537005139552e-01
6.534601431883354516e-01
1.236398020092941974e-01
4.757667629025815748e-01
8.690950790706994944e-01
4.458279235603844759e-01
4.405183568150133344e-01
5.569787852057345168e-01
2.614573177007897820e-01
5.564100001721107303e-01
5.517477347131810594e-01
3.992875556373818857e-01
5.088365562338833525e-01
1.836616973859094837e-01
6.031890878568779701e-01
1.787151588624247556e-01
3.258769337868711591e-01
2.478606836141202807e-01
5.939576711945724341e-01
3.968035614002936584e-01
1.774240973399067167e-01
4.542157448090629046e-01
4.581711244370555436e-01
4.719210943085875298e-01
2.032445270294177264e-01
2.586051760113757814e-01
6.993492272440910984e-01
4.446939468512121074e-01
4.541679452175324538e-01
6.747331371344236217e-01
4.679034294569606178e-01
6.919474625209103280e-01
5.966652336049413918e-01
2.579728389442259018e-01
6.670972659114200454e-01
2.940995761170477896e-01
2.703282296262826678e-01
2.881065011924109354e-01
3.281401599482244857e-01
4.716740292765696507e-01
8.291775421014850878e-01
5.457940576355992945e-01
5.311156678403882170e-01
3.690986138242807191e-01
3.606283433312713060e-01
4.135522635942173730e-01
2.703282296262826678e-01
2.270837924613265113e-01
5.694309156559694829e-01
2.761793123514931225e-01
6.378406350413520220e-01
8.291775421014850878e-01
5.868846663672220298e-01
3.113662232166568011e-01
5.066900110641747723e-01
3.872286816275588017e-01
2.966472032690651850e-01
3.685574355277803082e-01
2.460278470292219799e-01
4.704548607929139870e-01
4.902732797567936340e-01
3.115641786962309867e-01
2.154348604602977779e-01
4.514925667120017749e-01
6.184384061080100414e-01
2.396942844820424134e-01
3.432461865508206200e-01
4.152481256192799841e-01
5.546051720237005211e-01
5.252175004038273087e-01
3.992845811188469596e-01
6.088158973942812136e-01
1.598756215843899764e-01
7.417866797629891762e-01
3.164081569758274703e-01
4.600199692212126878e-01
3.057455373080600336e-01
2.978145567351853651e-01
5.243922651277457270e-01
3.624789927513648036e-01
3.110213933106840134e-01
3.831578902151061006e-01
3.054063212071547739e-01
3.151376246118277602e-01
2.985356162236364463e-01
2.906392111478441898e-01
8.527492852602531759e-01
3.010655595610989277e-01
5.297434153806069856e-01
4.516996035200525617e-01
4.434254610690346876e-01
3.382439755471989828e-01
8.340774525678017470e-01
5.311156678403882170e-01
1.079432622908396353e-02
3.110204427824613815e-01
4.288272035574779428e-01
2.703282296262826678e-01
6.012200366635320758e-01
6.193152799596042257e-01
6.259785924782322875e-01
6.193152799596042257e-01
8.291775421014850878e-01
3.250528841237385613e-01
1.907374458511484350e-01
3.585391689283747296e-01
6.235659778357252048e-01
3.770156939055222534e-01
3.552109803409160826e-01
4.135522635942173730e-01
3.606283433312713060e-01
4.135522635942173730e-01
3.690986138242807191e-01
1.690433931370206866e-01
1.927984704153002105e-01
6.678247905609004942e-01
3.551992167657971877e-01
1.896585861565265874e-01
4.136401596043957074e-01
5.724799396762221271e-01
5.640240234481126436e-01
5.640240234481126436e-01
6.369385111604835004e-01
2.428058567817895641e-01
3.092631294797051345e-01
5.594590038796817266e-01
3.234820572543292139e-01
6.098035490910320711e-01
8.264799169947296686e-01
5.767413393147794443e-01
6.112518315188621987e-01
0.000000000000000000e+00
6.522312351212193882e-01
7.445721335268699059e-01
6.411626469414908325e-01
2.542559053281652770e-01
3.364271715514692840e-01
6.357412540662059630e-01
2.540803653823201502e-01
5.784360068161134016e-01
3.349279848840231444e-01
6.057453363961856629e-01
5.111047616504135194e-01
9.524487085673731535e-02
3.487329543114006114e-01
6.189864304119248040e-01
2.747119160124534276e-01
6.191074206675815095e-01
4.052213399361346280e-01
3.849946918914891603e-01
1.753132422711173588e-01
6.598166969250177649e-01
1.737230971770716281e-01
3.089107855273283132e-01
6.858753298145817134e-02
6.041235596613138137e-01
1.432170134704904285e-01
5.759180583210814497e-01
5.956560547194107436e-01
4.820378170090905967e-01
5.428476557505880207e-01
5.951504334953359177e-01
8.448261586594607575e-01
1.807963947688706607e-01
3.079233605310855437e-01
8.458450282620241234e-01
1.970239894883787368e-01
5.236782994305547723e-01
1.613235686809014469e-01
3.225322023546040584e-01
2.371996407670501072e-01
5.189204301872369918e-01
1.020039270302056933e-01
5.101228850146208860e-01
4.422057384433036864e-01
4.973950217632192583e-01
0.000000000000000000e+00
1.514218746569155338e-01
1.565068684975236546e-01
2.651936405059563406e-01
5.623231788187605940e-01
6.341035671317676314e-01
1.396301866600581365e-01
2.479071912317243886e-01
6.520358267506480843e-01
6.507753556811031181e-01
6.176038345200706159e-01
2.708659929017417922e-01
1.677853210042019039e-01
2.963612873487732058e-01
4.706572951875068189e-01
2.499211280140183900e-01
2.179691761801376693e-01
2.033477444707144366e-01
3.633671977527579977e-01
3.139606469672629463e-01
0.000000000000000000e+00
