3.433526982965285357e-01
2.989896609897275681e-01
5.412044310765424804e-01
6.277290654703086004e-01
5.065321314654911422e-01
3.433526982965285357e-01
2.989896609897275681e-01
3.786968785421217509e-01
7.094889844218728037e-01
6.676547260949465823e-01
3.433526982965285357e-01
2.989896609897275681e-01
3.466994840730810989e-01
3.556953999195406335e-01
1.626273321789956372e-01
5.852558660409147295e-01
0.000000000000000000e+00
0.000000000000000000e+00
6.193200676973159569e-01
6.522892515262704860e-01
4.736199971214619664e-01
7.040507015271724178e-01
8.649188647134473662e-01
3.739166044041412618e-01
7.599060124903049829e-01
2.241156500328869705e-01
4.398740146170034282e-01
9.197384588504511349e-01
0.000000000000000000e+00
3.466994840730810989e-01
3.556953999195406335e-01
3.466994840730810989e-01
3.556953999195406335e-01
5.335350719370431927e-01
8.133107667235638383e-01
2.380321305330187209e-01
2.659699835566920467e-01
5.517169174115977848e-01
4.598815930989821887e-01
0.000000000000000000e+00
5.517169174115977848e-01
3.712554984407038239e-01
5.270993054615240592e-01
7.812708025724433014e-01
5.189891961427779421e-01
8.089947264916950154e-01
3.249009412772166927e-01
7.329925953291378526e-01
7.141526738012841102e-01
6.510005897663693197e-01
5.560562309714511819e-01
7.306510037776010602e-01
6.130707961376273829e-01
7.006615110368270560e-01
5.766932981149144877e-02
5.775609697214220128e-01
4.145990672396409060e-01
4.548312794583687646e-01
5.865027591567490983e-01
5.367426630408708155e-01
6.541159068290234302e-01
3.557018494777975381e-01
5.004167400885519701e-01
6.029035059898836257e-01
5.822731074155509390e-01
6.780132441122703746e-01
6.647673022706975798e-01
5.832597621483003314e-01
6.486243855157441951e-01
5.000000183531451148e-01
5.108328430210140603e-01
4.118605389010782103e-01
5.780259185084930529e-01
5.642018104324576511e-01
6.159674319969850043e-01
4.146585131271503522e-01
3.971937516634319598e-01
6.161443640812058753e-01
4.858041674633052365e-01
2.616488848701191694e-01
5.781743902369510524e-01
7.889921990188540901e-01
2.691589702513517146e-01
7.168867002944018241e-01
3.960173115698636948e-01
5.666809129325480754e-01
9.708952290576147170e-01
4.783628594104921139e-01
9.089558739644573171e-01
7.350109390903003526e-01
7.255546328386661692e-01
7.897636371400629240e-01
4.611470486109339184e-01
9.359588507000373703e-01
4.149951379000623719e-01
5.603472714652968367e-01
3.370815929769613861e-01
3.788227921875466642e-01
6.816268925582291693e-01
7.276646794111434335e-01
3.434351560614118393e-01
4.313395761971272058e-01
6.457651905791799152e-01
7.795013142020297270e-01
6.688965682964908011e-01
7.865015701181888863e-01
7.610306776618677160e-01
7.528150916539437798e-01
7.232924734525459920e-01
4.175919400086833821e-01
3.143010967360252428e-01
5.199190393463012372e-01
5.154833827754495834e-01
3.794232226744538861e-01
2.225433537740529599e-01
2.022856519349695847e-01
6.546761893559178702e-01
5.808307074697757200e-01
8.477977866901865722e-01
8.546852213197730919e-01
7.296684240940390920e-01
2.908101820850896302e-01
2.205156501035358818e-01
8.214804715145004321e-01
3.466994840730810989e-01
2.881914537062808535e-01
3.606920623418576888e-01
6.381774446144974355e-01
3.556953999195406335e-01
3.463271338073120043e-01
0.000000000000000000e+00
7.817844835515070923e-01
7.678431294035652499e-01
3.556953999195406335e-01
3.466994840730810989e-01
4.079062414337752407e-01
6.481068680746898680e-01
6.552089986433661251e-01
6.531497794535900958e-01
3.931578359390776045e-01
4.539658965583299177e-01
3.329670104177616108e-01
7.428837440460414054e-01
3.248010257601762762e-01
3.719720400641122193e-01
0.000000000000000000e+00
4.876112895544760795e-01
3.293309302164458829e-01
6.149270340263227608e-01
9.669963250250239728e-01
5.982300792538576273e-01
3.721743943334362981e-01
2.713641494540892651e-01
3.556953999195406335e-01
3.466994840730810989e-01
3.248010257601762762e-01
3.264352603082355531e-01
5.211960039924167232e-01
3.293309302164458829e-01
3.329670104177616108e-01
8.064787611486376462e-02
2.882115992914689451e-01
3.096805637226578423e-01
2.002586666312553554e-01
3.339872480045829595e-01
2.714904881435046269e-01
6.784914626300204699e-01
5.557072649741937598e-01
4.900543216301812000e-01
6.341861186404459394e-01
5.371962481262598788e-01
4.622446108809419862e-01
6.021338961056819095e-01
2.955532974213022634e-01
2.975821014421310418e-01
4.974972034729964188e-01
1.845179808636838170e-01
5.528675006539138792e-01
8.380094687805048626e-01
6.900622661103722466e-01
4.485981055612545121e-01
6.164723911494989217e-01
4.489683758280509918e-01
6.655959703204217259e-01
4.598185056791341818e-01
4.778339249673854705e-01
6.772046237160973536e-01
4.838154501527698326e-01
3.992850926834566883e-01
6.121262771701575511e-01
5.787210639112105870e-01
5.860885853100813447e-01
2.838393123097404658e-01
6.314787552635778844e-01
6.320973953752059282e-01
4.099554361917301937e-01
4.668818670386475356e-01
5.192484798769951837e-01
6.871402006681865959e-01
3.222092638247926466e-01
2.535484793797762593e-01
5.155404414785839107e-01
7.942651890213048294e-01
1.544822857416334738e-01
4.575733906870640966e-01
1.747081061960412962e-01
1.723184269070122121e-01
8.683397313427309028e-01
2.974095491129743474e-01
7.189003175397922218e-01
2.044046161910160198e-01
3.829981947303256473e-01
4.252602668710809830e-01
7.335403282392187752e-01
0.000000000000000000e+00
3.787579977476867588e-01
3.096805637226578423e-01
3.008040941542983182e-01
6.021338961056819095e-01
6.629460692088505747e-01
3.917519582745639939e-01
6.068777953984912932e-01
6.336744616479808023e-01
3.379089412301486961e-01
8.846146184703398418e-01
6.238740034731043993e-01
0.000000000000000000e+00
8.195077421108651894e-01
6.660815545813386640e-01
2.470804105996722289e-01
7.538761363099392154e-01
3.670040321198269617e-01
2.959066844316583511e-01
0.000000000000000000e+00
6.086871889404477098e-01
5.321922860807565270e-01
5.399966336298526182e-01
3.280311881466699275e-01
5.866268146189427268e-01
7.698478642319612764e-01
6.464021351725858233e-01
8.095358939902166373e-01
5.520901223518260847e-01
7.374668739385898952e-01
0.000000000000000000e+00
6.136631714875013799e-01
2.747621377326551206e-01
8.271335145927963817e-01
7.524724346866820124e-01
5.380096470313240342e-01
8.150373157180721417e-01
6.404180476617730156e-01
6.238825937080280104e-01
6.855616831398648747e-01
4.569738952711928093e-01
4.494740917923328305e-01
5.317099536092541046e-01
6.040341171870275971e-01
6.614226559722099497e-01
3.255982273763498580e-01
5.760019924721581086e-01
4.627842897633370756e-01
7.965162708379319723e-01
3.466994840730810989e-01
6.504301381592565434e-01
7.471185418809543899e-01
7.095434643068088132e-01
3.556953999195406335e-01
4.454517066056308261e-01
5.249186318341597657e-01
8.603156568464056519e-01
4.352471573638464486e-01
7.030558362968336583e-01
6.260093365666338228e-01
0.000000000000000000e+00
6.961689550617861100e-01
5.290750737821818817e-01
5.116020003809234051e-01
3.564438251332098795e-01
3.814480174774609877e-01
4.818673638466960396e-01
5.357687762528127173e-01
4.242647687915259147e-01
3.683556314078669236e-01
4.322463147487501933e-01
8.546852213197730919e-01
3.610576098572164105e-01
2.022856519349695847e-01
3.318751865105582510e-01
1.815712636407342262e-01
6.723146272493216724e-01
3.898420170760505399e-01
2.590986176677063657e-01
7.822812985702248811e-01
9.244323302073671478e-01
7.902562594192612533e-01
7.028327557517917157e-01
3.629099933146335832e-01
7.496879274468010168e-01
7.104072444839700795e-01
4.760397523703867595e-01
6.409126463132190921e-01
4.603151274304052576e-01
4.576852257933591850e-01
8.561859323303802061e-01
1.840947057411395082e-01
7.131900238254530455e-01
1.970183394889069295e-01
0.000000000000000000e+00
7.941200950225164590e-01
7.838169085670442238e-01
5.129248655716327487e-01
6.621008206693113074e-01
8.269368625463194844e-01
9.202560928588223721e-01
7.496879274468010168e-01
4.623301883265031331e-01
6.888220911807416691e-01
3.900089816653643654e-02
7.897598182670567679e-01
8.251257621921831431e-01
2.072857435323397501e-01
7.783898665565193165e-01
7.401461948947949399e-01
7.495470391918140907e-01
8.117411498199346154e-01
9.499638273313769643e-01
9.527459932432651435e-01
2.884622167501262324e-01
5.414199403369903685e-01
1.901279712289800639e-01
2.050788184272148984e-01
8.472672903623458263e-01
7.277350714332850856e-01
8.057007693546548444e-01
4.910421903713593217e-01
5.138131871914983773e-01
4.705268447832919865e-01
1.770524224488581599e-01
2.918629354106491158e-01
6.775815382204648518e-01
2.547306948234159263e-01
6.582888700055227194e-01
4.919161461297901772e-01
4.759918606440239341e-01
2.464596463197490928e-01
4.548942729993512013e-01
5.635348526439662997e-01
4.967636233615860819e-01
4.996559551914866448e-01
4.243938094705937969e-01
3.556953999195406335e-01
4.091580045913402186e-01
3.466994840730810989e-01
1.576780195847000132e-01
3.503013097140103560e-01
2.178547652746349594e-01
2.575272306190546368e-01
2.847932960396811763e-01
9.416958563764646906e-01
5.543276005918789107e-01
5.106575309416071518e-01
7.683504762080733963e-01
1.379003318859286786e-01
1.963073090668524534e-01
4.551277036394292819e-01
2.022856519349695847e-01
3.464166917920192268e-01
6.345221763814949956e-01
6.376838985301792606e-01
5.583487481410673858e-01
5.329447088174229519e-01
3.166907012564921797e-01
1.875122235988867514e-01
4.140477010767361632e-01
5.512919644763696336e-01
6.582936940342529741e-01
6.493680997008318689e-01
6.020444454130975398e-01
5.223494819329551619e-01
4.932578222525045852e-01
3.495640938661844777e-01
5.155121808000169281e-01
4.037842894829017926e-01
3.095916614018166535e-01
1.394819496905068124e-01
6.515154122014753524e-01
4.138735715700014861e-01
5.587145467918755992e-01
5.775789159731297140e-01
4.050869407259141686e-01
3.657607934243586878e-01
8.086982122620751667e-01
4.461029781650300285e-01
4.028274523008779640e-01
8.228236093379417415e-01
4.601925715773446113e-01
9.124122790629849433e-01
6.791516231007861393e-01
3.114391329710973766e-01
7.463723637095983632e-01
5.648602185458456715e-01
4.099293502676772394e-01
5.921828720760240472e-01
4.186230888551659701e-01
5.636469559083414627e-01
5.928616368278296633e-01
3.741322931824980214e-01
2.740917489571422783e-01
2.415893084083029496e-01
3.862579527410109348e-01
6.318670760424589528e-01
5.515606560955135240e-01
3.205097161232622893e-01
5.523847267652981508e-01
7.147155025987828036e-01
2.711490513249614209e-01
4.043370656259640539e-01
4.193261864567268682e-01
6.430373753302618400e-01
8.841972222548470928e-01
3.979446417818185422e-01
8.762506688545509403e-01
7.873594259524373529e-01
3.191562171950765303e-01
3.556953999195406335e-01
3.466994840730810989e-01
3.556953999195406335e-01
3.466994840730810989e-01
3.466994840730810989e-01
3.556953999195406335e-01
3.556953999195406335e-01
3.466994840730810989e-01
3.463271338073120043e-01
5.502914322495475741e-01
0.000000000000000000e+00
0.000000000000000000e+00
3.829750411609352811e-01
4.437886404949423769e-01
0.000000000000000000e+00
0.000000000000000000e+00
3.503871270726021114e-01
5.420174304283179589e-01
2.589630408522254346e-01
0.000000000000000000e+00
4.928671559531143109e-01
1.685285942622815336e-01
2.737033759910824093e-01
2.138671753346054472e-01
4.895954070660931690e-01
0.000000000000000000e+00
4.123235651808813129e-01
3.493441646297881786e-01
2.843270913663850097e-01
3.091125521922507557e-01
1.836336574004619471e-01
4.646049378639477423e-01
2.715189341750823271e-01
5.393508666540554053e-01
2.510700386483862290e-01
5.144438545096086113e-01
5.572597979138054214e-01
2.003946533885769266e-01
1.201413496459225183e-01
5.256554770316126390e-01
5.256554770316126390e-01
7.708168663987721714e-02
1.354454541146390412e-01
3.245030947029629159e-02
2.502163761448493728e-01
7.099728766057264995e-01
8.722057724073045692e-02
1.534667385119444227e-01
3.440991530740561410e-01
7.270857211499733852e-01
4.918573113904753380e-01
1.663239093547621561e-01
4.895548420101175080e-01
4.088076024725224022e-01
5.075083686636967517e-01
4.103494712565217140e-01
4.198015885891573928e-01
5.661247932327814203e-01
1.820209058273417335e-01
3.494311924576005701e-01
7.388844096995259569e-01
6.336964016786780229e-01
3.779261773042054684e-01
3.335744745950800505e-01
8.711252379924321332e-01
3.792562665665719646e-01
4.628759080639624490e-01
3.258999401975587462e-01
4.441238732394504618e-01
4.346263554504150584e-01
4.524173822765555908e-01
0.000000000000000000e+00
2.411004267540731716e-01
4.124626247872350548e-01
3.361316013462047336e-01
2.588954379418579310e-01
2.257677712060597586e-01
3.047478310955002434e-01
5.046149614504108483e-01
6.988308153088462760e-01
4.315819788830802528e-01
5.285767510777877876e-01
7.012479457899962743e-01
1.859920409542289432e-01
5.382598880599803737e-01
5.270580547696726015e-01
3.755886606808673811e-01
5.307760224099674629e-01
3.576309926583218779e-01
7.067956065295014634e-01
5.057735726595172787e-01
7.110194205394650968e-01
5.907037592577553120e-01
2.886720738390763721e-02
3.882943480285278581e-01
6.812631356995104692e-01
7.542645424210778771e-01
1.263533238612624121e-01
6.121250865477554370e-01
5.872962736499601766e-01
6.723017550014172006e-01
6.919931251452597909e-01
7.219751187890726118e-01
8.665309910629330759e-01
3.759652161405633297e-01
3.706906972870410710e-01
3.556953999195406335e-01
3.466994840730810989e-01
4.859619845641610647e-01
6.048302968541804381e-01
6.804457132671732911e-01
5.806276237235040716e-01
6.092220017533964693e-01
6.565733120829654323e-01
5.987683817809092979e-01
5.542496797291629473e-01
5.652443090651587676e-01
4.582904314506759946e-01
5.291926338964809684e-01
4.542068358980705378e-01
5.192331136914953849e-01
2.612642177495259066e-01
5.782664606740791635e-01
4.572676488563269803e-01
4.433748829883289444e-01
5.580834624239420227e-01
5.363983107423487828e-01
5.991280689083515743e-01
4.386391500960511447e-01
3.940960176931184722e-01
3.838927489240535618e-01
7.190547225438205237e-01
2.992926510318777988e-01
4.360882385305628883e-01
3.466994840730810989e-01
3.556953999195406335e-01
6.037378127927094384e-01
7.042893016200194589e-01
5.210753943850235936e-01
5.954731035915452608e-01
5.847757489034142164e-01
4.664831087771709739e-01
3.395465134398577001e-01
4.435721662829804068e-01
1.369528095964711763e-02
2.959003995745085325e-01
6.538401414157102298e-01
5.280651568999915613e-01
5.224619669300102354e-01
4.943716369144974254e-01
2.722141389405066669e-01
2.239131653219295082e-01
3.083129160131307112e-01
6.725361389812697377e-01
5.840578243334076936e-01
3.673894108918485113e-01
4.613882576461809659e-01
4.983517614835789589e-01
0.000000000000000000e+00
3.149641165900938233e-01
6.128990566015669605e-01
3.120236127578984719e-01
5.184736125530974293e-01
7.473008457960563788e-01
1.667373443018384527e-01
9.276375694792753090e-02
4.383973419713307340e-01
6.796202918545555249e-01
5.938624226638422599e-01
2.265229477213901721e-01
7.640490031564532991e-01
4.927199367585295975e-01
4.474338739721767100e-01
3.318779683676821857e-01
2.239797996461832807e-01
1.868810351602644970e-01
6.961367756775411753e-01
3.534751546151027601e-01
3.638994295479763830e-01
4.532605574095365242e-01
3.854348556303259787e-01
7.361885255868183542e-01
4.375412483801121022e-01
6.988945464306038913e-01
9.131410790848057957e-01
2.919402574489525781e-01
4.199879017400286463e-01
4.308155268512464664e-01
7.157608032923108432e-01
6.883652990186936993e-01
4.097857882034680044e-01
7.040507015271724178e-01
6.599022558435224672e-01
7.599060124903049829e-01
3.556953999195406335e-01
4.736199971214619664e-01
3.466994840730810989e-01
5.059796924860273659e-01
9.917986644631957005e-02
3.556953999195406335e-01
6.163962116421854015e-02
5.454345481104774240e-01
7.562330946275022114e-01
5.029584126826830426e-01
5.061247435882626489e-01
3.193838856064930010e-01
2.420412142549618062e-01
3.478349083708615619e-01
2.777276166916949340e-01
5.173365525142563648e-01
5.008110088236719104e-01
3.019429031159052146e-01
1.255021539854848656e-01
2.522852302604249308e-01
2.782409111776064092e-01
1.988923073796256547e-01
3.307242522538102469e-01
5.292420038121777859e-01
1.782393668691492905e-01
2.418738949462767018e-01
3.794707041455038787e-01
4.482335726041714041e-01
3.862579527410109348e-01
3.195739517025235621e-01
6.581655606123625324e-01
6.319347855625160326e-01
5.638468347636398370e-01
5.371318505419423461e-01
2.758293614650122461e-01
7.568899161254453167e-01
8.629145668012654091e-02
1.831101585610019344e-01
5.352883693618381011e-01
8.342297981735808943e-01
4.238114332436264120e-01
7.608856917930542085e-01
8.350969037025330888e-01
7.571430828984522243e-01
8.032353202598355724e-01
8.394527958778871257e-01
3.556953999195406335e-01
6.775729521793875110e-01
8.546852213197730919e-01
2.022856519349695847e-01
9.267112173151260679e-01
2.698560801138357168e-01
5.996627797206058874e-01
5.798217878948019877e-01
1.958146516314992480e-01
4.380515688952105746e-01
5.060039414115968803e-01
3.441214266203597161e-01
3.578443996630800705e-01
2.954754835138944657e-01
1.075029202245612880e-01
2.016202035641376233e-01
8.890709102646746076e-02
5.699542506343668880e-01
5.507624816737675122e-01
1.499700490563717903e-01
2.721352548666035043e-01
4.015117795464083761e-01
0.000000000000000000e+00
0.000000000000000000e+00
4.123674757296311166e-01
0.000000000000000000e+00
1.883841793921573471e-01
6.020028452686807530e-01
0.000000000000000000e+00
4.615970056816933731e-01
0.000000000000000000e+00
3.757240791910432254e-01
0.000000000000000000e+00
4.304206837376544081e-01
3.558401258104690323e-01
4.846404305723649997e-01
0.000000000000000000e+00
2.263202927614506588e-01
0.000000000000000000e+00
5.922814984085068568e-01
4.641054785601900212e-01
1.394278295352761599e-01
8.022167190038624884e-01
4.388118959294874388e-01
8.158568734685633927e-01
8.739827285116762434e-01
1.494079876719036359e-01
4.657832278111859736e-01
4.374516267894396071e-01
7.417391001222956026e-01
5.581813071099783752e-01
6.237051509978365216e-01
4.156724247439009812e-01
7.906147507923891871e-01
6.133037140841811619e-01
5.101113064474461778e-01
5.110877556597065441e-01
3.069810064000990102e-01
5.852091487943201775e-01
7.931015134757993801e-01
6.937935110956726659e-01
8.546852213197730919e-01
1.182505355033175443e-01
3.466994840730810989e-01
3.556953999195406335e-01
3.463271338073120043e-01
2.197783470046343890e-01
3.556953999195406335e-01
3.466994840730810989e-01
3.466994840730810989e-01
3.556953999195406335e-01
6.433974375552486968e-01
5.592334311034770078e-01
6.061103948489391380e-01
5.764478921834832459e-01
3.556953999195406335e-01
3.466994840730810989e-01
1.928674007465571716e-01
5.270993054615240592e-01
5.517169174115977848e-01
2.420619946648161769e-01
1.672398374974524704e-01
3.160011175513407489e-01
2.048771421122786984e-01
8.948233981307182061e-01
8.524714444704524219e-01
3.012160146356630541e-01
3.482923357691638522e-01
1.943484393228586127e-01
3.239193674200756545e-01
3.280656054824228063e-01
2.721463884301080216e-01
4.402152927376271063e-01
4.488244444887007356e-01
3.160011175513407489e-01
