3.071160219600082009e-01
5.540411606569014547e-01
4.308930645122245329e-01
4.796439986074575446e-01
3.886720642800363668e-01
4.837978514157987853e-01
4.583196942433600540e-01
3.861693689523600925e-01
4.533213640439720526e-01
2.942218844864885607e-01
2.766528050363520896e-01
5.071982975745743527e-01
4.871572773093195696e-01
4.194335965422987256e-01
4.553919930765042423e-01
4.958764674107973836e-01
6.490862139673486686e-02
1.544727690297163503e-01
5.096856474223072642e-01
4.721145008413724087e-01
4.264603762554110000e-01
3.144819852317722875e-01
4.895392751896747163e-01
5.408893207241926016e-01
5.056241844559831167e-01
1.490555784291903996e-01
2.863322718253977217e-01
3.290922200963840583e-01
5.251347368086212164e-01
6.128137935095365751e-01
9.327061512428573842e-01
4.602551511272396367e-01
5.674128231201336359e-01
3.907237185698065329e-01
3.480373229367447752e-01
4.910646511134477699e-01
3.171541105958798346e-01
3.819681226146396380e-01
2.769882042044032877e-01
3.707992682054405686e-01
4.260990345475942909e-01
1.469964701996689660e-01
5.407647548978438135e-01
8.072793000321949464e-01
2.150665337906036423e-01
1.994814822686031830e-01
2.592027153443134391e-01
2.898183579368651674e-01
3.034182583875662531e-01
5.406193405402717200e-01
1.460038272044333341e-01
7.085994426338135810e-01
1.887409721624035419e-01
2.152889869199295370e-01
7.019082488810103326e-01
7.067912347867800760e-01
2.952221503443026029e-01
7.246702529392656800e-01
3.770511682114263685e-01
0.000000000000000000e+00
5.931951268823272283e-01
6.163479593211979024e-01
6.192236083498150467e-01
6.268522091390473783e-01
3.168206809745799379e-01
3.093921421672219951e-01
4.262604325382381987e-01
7.807561483808884706e-01
5.696272063150583653e-01
8.261341342120360753e-01
8.179952362390560117e-01
2.113627425854812392e-01
2.716264036133156368e-01
4.060045138331089820e-01
2.088387699033041611e-01
4.294682345485308916e-01
8.104951713081347542e-01
4.336792353714499781e-01
4.028728219155441326e-01
3.350086903166346053e-01
2.512673399091838178e-01
2.185120273816786585e-01
3.475848608986291111e-01
7.596874348241892116e-01
7.888155076909092456e-02
6.137333824888645539e-01
3.107971153527614994e-01
3.262353817754269358e-01
4.401200053354034636e-01
5.181874636394439015e-01
4.526524947138367283e-01
2.495132187240615973e-01
6.633669365211803948e-01
6.077429411397271553e-01
2.047316541559910108e-01
6.344036801537021875e-01
2.491467751733556779e-01
2.557283178422680714e-01
3.577828239039779756e-01
3.396661284044764084e-01
9.965042660670525576e-02
3.566273604807261854e-01
2.702116573470783045e-01
3.616687496259550771e-01
4.075145365747712689e-01
5.727180470028452319e-01
4.022206522011901875e-01
5.227308309351896831e-01
4.889456858617414192e-01
4.957875135481213946e-01
4.967680025573855129e-01
5.539205690794569703e-01
1.965780136644628140e-01
4.708107935295361979e-01
5.318958733062533195e-01
2.626975675234772267e-01
5.275533245931114390e-01
4.365727830780147256e-02
2.594433874314101551e-01
4.434454919159442343e-01
1.870235223795649604e-01
2.579912976913557032e-01
5.733683592644156501e-01
1.921844928418350307e-01
1.982871219932850204e-01
6.047739077801549401e-01
2.414875163582568818e-01
3.372204178853309697e-01
6.237848890005679436e-01
5.018082845377445089e-01
5.423224049072588038e-01
4.781966836886562544e-01
3.319074799988558921e-01
2.801790978609942639e-01
1.977444416530998450e-01
3.394661239686813659e-01
6.778967241020913415e-01
6.701387286583948555e-01
2.582359742503022582e-01
4.388109126002454063e-01
9.032201107230777293e-01
3.852533293139943082e-01
4.604180665505746561e-01
3.847732134662937842e-01
5.496215756145633735e-01
9.120057564805823525e-01
6.322545715881090489e-01
4.648610492646421677e-01
9.533279619857463194e-01
6.268073638523038449e-01
7.257917634777262261e-01
5.056241844559831167e-01
9.542698450072871763e-01
3.283416280448888669e-01
5.251692760530037862e-01
6.481879762273298207e-01
5.835185497020832779e-01
4.643897385357441121e-01
5.116369741217184908e-01
5.050310136933353622e-01
4.934908045077959216e-01
3.868094045621417454e-01
5.740483912525927712e-01
6.857532658038781870e-01
5.434654311228287460e-01
6.341447162946622917e-01
6.872071567387827429e-01
3.907731517004395805e-01
6.464102200996421077e-01
6.235362125758023844e-01
2.330959655838988343e-01
5.844238749893735374e-01
3.671298729486593970e-01
3.413396970425941479e-01
2.754248183817655793e-01
1.710979160450235570e-01
5.683443579765838916e-01
1.928923104172799163e-01
1.914041696601698206e-01
2.512673399091838178e-01
1.888529183168495829e-01
0.000000000000000000e+00
4.462985843330690150e-01
4.642381470409232547e-01
4.081116855585826819e-01
2.331263445736531104e-01
8.570875875939569510e-02
1.959044558105237366e-01
0.000000000000000000e+00
6.583222919151433539e-01
4.914935456081717113e-01
5.011936540742684132e-01
4.026506293396696079e-01
5.511094192984375972e-01
3.218136326264475211e-01
6.082740917435099925e-01
1.705070073283218579e-01
3.299619840452673869e-01
6.388424445582808753e-01
2.768455020792223165e-01
3.643310142029329013e-01
7.490577431142241283e-01
2.381935786692013224e-01
4.196861378841420520e-01
6.472817591908403001e-01
5.515382046606165378e-01
7.148426864375316825e-01
6.894612788204754761e-01
5.128109812059217232e-01
6.941981831945337467e-01
0.000000000000000000e+00
3.019454218542492185e-01
6.906811791972813364e-01
3.897868047674949432e-01
5.008442423357326589e-01
2.934808017936226809e-01
3.868094045621417454e-01
1.743471466981246498e-01
1.221575536775343362e-01
9.947862693470226059e-02
2.985298760432769649e-01
4.309313854637677466e-01
4.552714042128847005e-01
1.676061413964561597e-01
5.663578165671131481e-01
3.450499943705661043e-01
2.640931787595688918e-01
3.087690024792132115e-02
4.147513079189261154e-01
0.000000000000000000e+00
2.318557227663223252e-01
1.773569424646006532e-01
2.823079470451715922e-01
5.915486533632906552e-01
2.267389037385643125e-01
6.485294135720457431e-01
3.554725365398047621e-01
3.485833150055187013e-01
6.876825922160183513e-01
3.910382187326537085e-01
6.432247303748934719e-01
6.130642803815402608e-01
8.272191813936694560e-01
2.886447597496290540e-01
9.008608826585082774e-01
4.781966836886562544e-01
4.648610492646421677e-01
1.973863531528979587e-01
5.056241844559831167e-01
2.664698694305192017e-01
6.457069660639606079e-01
3.290922200963840583e-01
6.600671781110940550e-01
3.817563982042423976e-01
1.588416974109870539e-01
5.156953386064120348e-01
4.410302952303877255e-01
6.662465244292865574e-01
7.602290112589183968e-01
7.110156260056335054e-01
1.729796276117088749e-01
7.492496540960840168e-01
6.729742524529526149e-01
7.234904810941585884e-01
3.982864177025791097e-01
5.827898787146332804e-01
6.524066941884265614e-01
7.344299897396333598e-01
0.000000000000000000e+00
2.638861894241206763e-01
5.020532808148724380e-01
4.147513079189261154e-01
3.461708571401511114e-01
9.984945854273670485e-02
4.309313854637677466e-01
2.940745503905854985e-01
2.579810133894485658e-01
3.273496146566163834e-01
6.514824939096037770e-01
1.776298942075540954e-01
2.512302546632614875e-01
3.417288356847133501e-01
4.175063068965476076e-01
2.198094962538539032e-01
2.600595294015509151e-01
1.733125110992639883e-01
1.948823445282920896e-01
4.592621420272000599e-01
4.344362488645120424e-01
4.223794554799434886e-01
1.775950035326580578e-01
5.931281242145056698e-01
4.395359342857179108e-01
6.047739077801549401e-01
6.650208905356574940e-01
4.214109190916592307e-01
5.679725727317226358e-01
6.757426963633347272e-01
5.355920216541568690e-01
0.000000000000000000e+00
3.167883938133722044e-01
5.679526996128672067e-01
6.160695699421765426e-01
2.674720100231938735e-01
2.471748085372689197e-01
1.920313909758294690e-01
4.109096154444670246e-01
5.830993503994306298e-02
5.242032515286824124e-01
1.872755858960259978e-01
4.745011883255459972e-01
7.180784779967866460e-02
9.976302176388772425e-02
4.191817840686256069e-01
3.037088697870289900e-01
4.508845248759931756e-01
1.897945377706625747e-01
5.013904796410787457e-01
3.554672775730378653e-01
5.720881540831643797e-01
0.000000000000000000e+00
7.377026652285362252e-01
1.890749203797911226e-01
4.923974019167640104e-01
1.582110495042241272e-01
7.157603213667134145e-01
6.258414057198224967e-01
3.931072306269810523e-01
5.600409114296818203e-01
6.392289481935882201e-01
2.375749483981827448e-01
5.600409114296818203e-01
6.168816671611613289e-01
1.126722846460739141e-02
6.157817599573874867e-01
6.127236136968778890e-01
6.117758717651825551e-01
5.592162613124502801e-01
7.815678455953724291e-02
2.847527287897421155e-01
3.483186234380973856e-01
5.968484741235953184e-01
3.905444011716033281e-01
5.781902971250270085e-01
6.351052445951173020e-01
2.618346051658039242e-01
6.131951089165073032e-01
5.561211836304482681e-01
1.852274192493782445e-01
5.813061898021170126e-01
3.303285819648269506e-01
2.450725666458656304e-01
9.655382982047278073e-02
5.949845111660416741e-01
5.063042883694088836e-01
3.721611265472153929e-01
1.765271980192514023e-01
2.281659794356142856e-01
4.546355545282393940e-01
3.370972634779178523e-01
5.356276975316398570e-01
4.739675226473610836e-01
1.103174343060822071e-01
4.930209380590991342e-01
1.498331566615863364e-01
1.494636422260065822e-01
6.036339447043128636e-01
1.400056401053074717e-01
2.598190615020347649e-01
5.653504894803157432e-01
1.902703176348836400e-01
0.000000000000000000e+00
6.462139758912170961e-01
6.590428283233655815e-01
6.866555165265113558e-01
2.819397555124281696e-01
2.725164689185464728e-01
5.057949431809777296e-01
1.928481833663074907e-01
4.868701073842077731e-01
6.475047034406899993e-01
8.255633100601845742e-01
6.018767097609800665e-01
1.365541483292875558e-01
8.218634214733957499e-01
1.426622780393897172e-01
6.155047017873780391e-01
5.454816241628299700e-01
2.051656698595080708e-01
3.028718365654859968e-01
5.762674411582209277e-01
7.339899665125807493e-01
2.322151556751855805e-01
0.000000000000000000e+00
6.458145446367042908e-01
3.291888206961973151e-01
5.284359271826789550e-01
5.093429069959872768e-01
0.000000000000000000e+00
3.264792909770353746e-01
2.576613381179845286e-01
2.923632527309251161e-01
1.780143554468658074e-01
3.373083690095743381e-01
4.733200769421063159e-01
2.154411883823025287e-01
