5.282302167490663392e-01
5.354141320752761057e-01
3.413078494314371047e-01
3.111210614635230298e-01
4.069328578737897995e-01
1.618660973721909591e-01
3.624892027853650611e-01
3.565600011837121719e-01
4.217989385162053129e-01
6.331310846483737542e-01
5.400039168041053106e-01
0.000000000000000000e+00
4.217989385162053129e-01
3.685091560431478230e-01
5.507569279255818406e-01
3.408538548692022774e-01
2.559938536340764514e-01
6.843147279568295716e-01
6.719837163368167499e-01
3.051644846165134650e-01
4.996888200194734009e-01
3.594458558574016860e-01
3.260235683446355837e-01
4.379928780156200352e-01
5.273583623340005744e-01
8.440670914635360900e-01
4.060442959269520147e-01
4.217989385162053129e-01
6.425970600245125564e-01
2.200806002627895275e-01
3.005963015317481557e-01
5.725831302029875669e-01
2.318558667954098151e-01
6.087104307155559724e-01
0.000000000000000000e+00
0.000000000000000000e+00
