0.000000000000000000e+00
3.098305996133788320e-01
6.499206241254443794e-01
0.000000000000000000e+00
3.506927824584908926e-01
4.861270692975826480e-01
6.557095471428091571e-01
3.852848603869074573e-01
6.462139132379847162e-01
5.498566493709017289e-01
4.861270692975826480e-01
2.242981280967078495e-01
4.302519221172870778e-01
4.483734364843494635e-01
2.868328522697924932e-01
0.000000000000000000e+00
0.000000000000000000e+00
3.696390407973592085e-01
3.906341991675876812e-01
3.506494649340016201e-01
3.000262326843236016e-01
5.512102847771828129e-01
4.568169658574767200e-01
4.985031588570064676e-01
