7.088392919155810379e-01
4.664850600457953744e-01
5.901307043135008978e-01
3.720068114098267209e-01
4.231871724489335573e-01
3.816884928876405070e-01
2.653279092940930006e-01
5.558464297829197598e-01
4.934684277901625893e-01
4.187160492737910245e-01
1.115513995924292540e-01
7.925396302733022091e-01
6.637113976617861066e-01
0.000000000000000000e+00
7.819070923263751194e-01
8.201150862220616400e-01
6.615587954600878895e-01
8.766725602257584571e-01
5.472834708180158714e-01
5.568249290388198602e-01
5.186927879371955319e-01
6.176450581940743367e-01
6.121062808016720647e-01
5.566239970018471706e-01
3.594045322385447383e-01
8.744762719931197248e-01
6.206445445395463167e-01
3.110303403645847675e-01
2.980429391667037131e-01
7.632535309456466299e-01
1.962847626912470334e-01
7.803341896034605707e-01
6.854529747333881762e-01
5.914929117209338783e-01
5.810507573216995292e-01
5.025213500270017120e-01
2.350316812640584896e-01
5.354681752606957890e-01
2.567441703854160817e-01
9.618519334076330862e-02
4.935088100502088571e-01
2.565976942899876878e-01
6.596624883133235251e-01
4.622158284914949511e-01
3.371462902160953790e-01
4.801033051838295984e-01
5.746568952505978212e-01
5.970714702826263043e-01
3.256066565172933136e-01
6.449698961755614413e-01
4.993059755774895137e-01
4.107419256585741474e-01
7.080422335313347748e-01
5.661751655712085052e-01
6.239165056974729229e-01
4.477221071874114000e-01
5.339970018952591158e-01
6.440496647997755453e-01
1.266182426460315535e-01
5.786555404751492215e-01
4.240440464158481415e-01
6.547634331756895243e-01
4.240057532535711493e-01
4.768017789796827888e-01
6.041095438447008359e-01
5.256133486670375721e-01
5.424112003578284158e-01
2.775937535287366642e-01
2.246726569982179234e-01
4.586615522164607106e-01
5.696815368638312449e-02
5.435562202881321081e-01
3.599753997238172576e-01
5.244434322603794829e-01
3.504072408320269560e-01
4.449819802491576937e-01
2.740976195800873816e-01
6.473446280300619859e-01
6.808155823212183044e-01
3.357819565569630793e-01
4.956626378101978703e-01
6.838883609493491278e-01
3.994506881461681314e-01
5.478374533420697912e-01
6.110214798137383330e-01
6.858299195487519428e-01
5.486214912897502405e-01
6.780117912346516063e-01
6.992634064494127610e-01
7.935298439702065387e-01
4.131417635359452278e-01
6.015147012835979634e-01
7.683714006238235861e-01
7.157975750264162773e-01
6.412645515739618940e-01
6.860380151815042016e-01
4.878591665620412021e-01
5.575849645567234614e-01
6.229782571222617360e-01
6.293402166361946604e-01
4.640662487904788081e-01
6.502289326310136675e-01
9.664969728593244547e-01
6.200947006711947651e-01
5.124690906652183964e-01
6.448615293216327649e-01
3.162301714560994403e-01
6.754829676994862364e-01
7.361729634229482455e-01
9.682893262651672828e-01
6.265448039561772875e-01
6.913425968529829380e-01
4.828902750673274014e-01
6.363112462786875145e-01
7.119688295109114495e-01
6.036005744382707539e-01
7.517009347443197598e-01
1.000000000000000222e+00
2.055651901204488263e-01
8.308554483250236711e-01
8.340555229052354358e-01
6.330921371054299973e-01
8.270546252660962994e-01
7.183799880224054357e-01
4.328241194350704313e-01
3.162301714560994403e-01
8.341952647257777631e-01
5.920427778756115478e-01
5.344795452147623749e-01
8.269389704931487950e-01
6.200947006711947651e-01
8.216290637693807186e-01
4.992604081213816158e-01
5.240203469377232581e-01
8.638607403539915186e-01
1.975851097596077466e-01
5.423040327404342609e-01
3.830746401357493780e-01
5.457119391917661932e-01
6.467529243934275751e-01
6.448615293216327649e-01
3.686469793279855689e-01
4.015530477464800962e-01
4.724810797004532215e-01
1.000000000000000222e+00
6.771032004520681769e-01
8.645331277131695913e-01
8.257723854091690852e-01
4.557581893612510093e-01
9.851223620389764069e-01
4.021334645871219582e-01
5.456074792834337828e-01
8.546830600454167204e-01
6.173476551684711211e-01
9.782211120479111788e-01
8.562173933275769588e-01
6.619299190876157812e-01
0.000000000000000000e+00
0.000000000000000000e+00
0.000000000000000000e+00
3.646726809704820549e-01
0.000000000000000000e+00
4.562121581659523417e-01
9.851223620389764069e-01
6.348501693638033405e-01
6.662535059736656162e-01
5.069960214051169034e-01
0.000000000000000000e+00
0.000000000000000000e+00
2.548325901841168584e-01
0.000000000000000000e+00
0.000000000000000000e+00
0.000000000000000000e+00
0.000000000000000000e+00
3.873508416649386055e-01
3.353755184933943645e-01
4.832224822345430604e-01
0.000000000000000000e+00
3.075637734643540400e-01
4.495978238103690572e-01
6.650426316984801023e-01
6.222234868832210442e-01
6.760138487519944395e-01
9.599471920581794659e-01
4.257785582058548624e-01
7.726392653474059014e-01
0.000000000000000000e+00
0.000000000000000000e+00
6.608060157082104036e-01
0.000000000000000000e+00
1.468964247717028659e-01
0.000000000000000000e+00
3.056176709104132527e-01
7.320287304040810072e-01
3.940334323606982658e-01
7.951044517524669120e-01
8.041919826043604225e-01
5.271904438183177000e-01
5.524090950135940314e-01
2.321102957116761845e-01
5.925717305715785255e-01
5.997916965143648138e-01
5.600332163633898741e-01
4.115700005462953892e-01
6.577509784298781748e-01
8.697038913237280511e-01
9.782211120479111788e-01
3.819104959484478368e-01
2.487409659004427565e-01
2.927915278970019686e-01
2.460453420425021409e-01
2.520807578670783977e-01
2.389745767074535343e-01
5.524090950135940314e-01
4.119235369003590441e-01
2.162408522554850610e-01
7.668330986916327419e-01
3.558806102753656608e-01
7.627694394292298119e-01
2.112627220256790284e-01
2.230656829357352822e-01
2.502907500330108781e-01
1.959122391093630622e-01
2.079859452253576269e-01
0.000000000000000000e+00
5.285837201987786393e-01
3.690141422213357170e-01
4.034999964789619531e-01
8.725231339868277924e-01
2.236303263725583912e-01
2.663957581565900012e-01
9.305302455747987977e-01
7.547442874701963955e-01
2.249455594321660146e-01
2.104448981019772236e-01
0.000000000000000000e+00
6.410116276602272345e-01
1.854038069489303275e-01
0.000000000000000000e+00
1.289949323094846945e-01
6.229004894304495110e-01
1.300523142997201953e-01
1.697001695568793600e-01
4.897341003668009285e-01
2.812356259666041192e-01
1.367208181472402140e-01
3.101312359638661587e-01
4.061932109948440672e-01
7.781506421967994414e-02
3.558806102753656608e-01
4.336228011597910159e-01
3.314601605662309547e-01
1.962616427564692900e-01
1.377976776586686547e-01
5.215591020667266209e-01
4.266031793196194966e-01
5.501048659541805108e-01
5.800878324857913215e-01
7.477616795416719420e-01
6.150837002288433997e-01
7.749590627879914262e-01
7.762352355546060512e-01
5.707303145517251819e-01
7.551274224438039306e-01
7.742317719145270782e-01
4.803814661075824777e-01
6.843750587417761766e-01
0.000000000000000000e+00
1.803845053434333101e-01
5.601191588308365166e-01
6.562880529477104208e-01
7.743063050332934516e-01
7.809887762720025828e-01
2.847141287348169958e-01
2.603640932743322978e-01
2.437102128495243492e-01
5.908350837931266586e-01
3.971149075137643258e-01
3.426862537934329267e-01
1.802367214845785326e-01
5.508846340348164672e-01
5.694634547753579801e-01
0.000000000000000000e+00
0.000000000000000000e+00
0.000000000000000000e+00
0.000000000000000000e+00
0.000000000000000000e+00
4.944321374383323642e-01
2.002273563134867040e-01
3.781351732372573715e-01
5.639896473265514354e-01
5.914247049956271318e-02
8.668425633437366606e-01
5.098286931994917559e-01
5.867262883249553251e-01
5.654428389088221873e-01
4.943448441402604754e-01
3.250572009907963800e-01
2.921401516070143423e-01
5.089273158090898974e-01
7.041993675961322197e-01
2.085691262936650026e-01
5.988199745530607965e-01
6.275491761999569817e-01
6.021449406958723216e-01
4.501286538335771414e-01
4.613248302609939122e-01
5.434610117166935872e-01
0.000000000000000000e+00
8.189563649497809683e-01
4.708189934276662547e-01
3.257163522620359908e-01
0.000000000000000000e+00
5.164054844229160057e-01
2.068547490793509191e-01
3.471231833140033807e-01
0.000000000000000000e+00
0.000000000000000000e+00
4.322047620239902743e-01
3.601227748266394579e-01
0.000000000000000000e+00
4.084460034317302646e-01
0.000000000000000000e+00
0.000000000000000000e+00
3.089093979411231539e-01
0.000000000000000000e+00
3.410454451485759320e-01
0.000000000000000000e+00
0.000000000000000000e+00
3.463271338073120043e-01
3.202878614410453184e-01
1.098204636824841873e-01
0.000000000000000000e+00
0.000000000000000000e+00
9.737010822723586312e-01
8.702500763008377271e-01
5.702806552468400181e-01
6.548987461814198552e-01
4.076978234006425339e-01
2.311725011648489980e-01
4.674999106866105647e-01
6.275491761999569817e-01
3.986962777433084582e-01
9.808895275631968058e-01
4.932176775614831588e-01
5.026158642429584544e-01
4.543053833828936683e-01
1.831513671799530896e-01
4.770197860330940842e-01
5.021451444756412918e-01
6.052297351181198382e-01
7.752608234818116895e-01
1.465775991157346192e-01
4.861034783450091101e-01
9.356200795841420614e-01
7.558322667964705310e-01
6.974740690776458640e-01
4.760591669258129599e-01
8.862384416812997268e-01
8.174201861175081074e-01
3.023453019597540647e-01
7.580366696360487655e-01
7.143289895671864898e-01
6.408116837348799555e-01
8.659968127229566992e-01
5.826026356432520981e-01
8.282553727503040308e-01
6.977072992488120295e-01
5.683990887680105963e-01
6.139051266444803812e-01
8.080240300682381971e-01
6.136680291935420195e-01
6.884665581646132182e-01
6.394298859219516018e-01
5.967645589847303533e-01
7.254298153816478578e-01
5.323708592608361601e-01
0.000000000000000000e+00
0.000000000000000000e+00
3.539805475084385478e-01
2.876260955878122139e-01
3.152993833914674027e-01
3.273232768191393638e-01
3.822106517682591909e-01
5.297053894735280766e-01
0.000000000000000000e+00
4.204898335036927337e-01
0.000000000000000000e+00
2.246726569982179234e-01
0.000000000000000000e+00
2.246726569982179234e-01
0.000000000000000000e+00
7.965153905565470760e-01
9.090020967540988206e-01
1.000000000000000000e+00
5.991764052396710838e-01
4.237606802006508300e-01
5.440976254480838215e-01
5.894957505719591317e-01
0.000000000000000000e+00
0.000000000000000000e+00
1.265753581133272077e-01
5.693666380406036120e-01
4.424242567483728239e-01
4.835756190173312041e-01
7.616031887388905464e-01
4.921936176838956900e-01
5.156833838059583508e-01
4.735593444043724731e-01
0.000000000000000000e+00
0.000000000000000000e+00
0.000000000000000000e+00
2.703892233238979204e-01
0.000000000000000000e+00
3.668777696032497482e-01
7.243240772698151808e-01
8.212952948935705599e-01
8.320554239501324334e-01
2.928264285058643779e-01
7.200012961014105040e-01
4.569690150682476637e-01
4.656259339156929022e-01
6.152702865230975648e-01
8.333927843113734246e-01
4.739890386572507275e-01
9.051157491885646333e-01
7.137279256106204839e-01
4.909199636133571021e-01
4.592968317428289815e-01
2.923125318590173438e-01
6.915588218579955537e-01
2.846623472870847271e-01
4.815362881577995302e-01
8.427725930069965843e-01
4.888374278590036370e-01
0.000000000000000000e+00
6.737471134060547540e-01
4.335297994949915412e-01
5.135236785670718174e-01
4.542130214669860555e-01
4.934009613846420672e-01
9.787208388818358085e-01
4.541363497719237419e-01
3.807553948364825191e-01
2.779275079911535662e-01
2.875795283068057762e-01
6.645096719031506893e-01
4.409397109017008931e-02
4.956137919593217589e-01
3.089830318286299615e-01
5.592560439305923614e-01
5.649246948980438665e-01
3.870893857778632263e-01
4.543003148591246432e-01
4.037198277258441381e-01
6.514781011908429287e-01
3.926289792385355693e-01
3.712037238413437024e-01
4.707912249661778681e-01
4.684681733741860032e-01
9.698169505793040601e-01
3.899655765490402937e-01
3.911439924212841701e-01
0.000000000000000000e+00
0.000000000000000000e+00
3.093374040420282522e-01
6.196857865439778790e-01
3.885724244980809927e-01
3.153503461146081044e-01
5.693152856462568856e-01
3.743396564710093632e-01
6.850757756502178220e-01
7.601135933010287893e-01
2.783499970213461627e-01
6.712329815660601495e-01
4.993926660487999492e-01
4.461350779595532057e-01
6.943210742471297436e-01
5.354721419868393451e-01
7.825144954962213184e-01
7.350927640796627305e-01
3.345947162728738489e-01
8.692131739079866914e-01
5.951842799853556132e-01
3.074401143142342918e-01
3.647487031308471184e-01
4.706140189346736946e-01
3.707078479264394044e-01
5.001675374182811273e-01
0.000000000000000000e+00
5.312761170942361666e-01
7.232823476477180380e-01
0.000000000000000000e+00
3.943317601977121001e-01
5.025812290952560435e-01
2.198311442625002776e-01
9.199605232917603681e-01
5.107875479547425712e-01
6.313667302115397728e-01
4.223973505145219298e-01
5.446175715241819981e-01
6.014684354211139450e-01
6.969514271327115207e-01
3.401058696948786597e-01
8.810099015980819015e-01
7.499856191044450560e-01
6.893468155352725502e-01
5.129461961386714286e-01
6.524979932234222790e-01
4.206211052101589964e-01
4.642131283523574514e-01
2.607297471591880633e-01
3.846782190724590267e-01
5.595073798688099398e-01
8.796111974768837660e-01
7.328963295456305538e-01
2.972007313141573071e-01
5.518501043106369686e-01
2.375300525227598269e-01
5.153653077114477288e-01
3.949426669452689720e-01
1.794856073058360424e-01
0.000000000000000000e+00
9.667898993226498039e-01
6.376242619964592739e-01
7.092679733452884605e-01
7.942680865450841843e-01
8.729397638235989465e-01
2.193373149849875969e-01
7.677840235478187170e-01
5.601013487632297005e-01
1.358295581033087118e-01
8.871289421126055119e-01
8.145331179054767778e-01
7.170078964001398436e-01
4.943727487407043042e-01
7.069024215446680914e-01
5.225204952122108892e-01
7.261166431299209689e-01
4.359024388075097844e-01
7.366624152700831374e-01
8.347258722264606634e-01
8.386484620192020678e-01
4.442851518850377546e-01
6.961306996008341796e-01
4.899001334420989284e-01
8.188970031153464113e-01
5.324248269792410948e-01
3.977115334517443701e-01
5.368233130727584346e-01
3.694311345814096370e-01
2.193373149849875969e-01
5.267809859672296646e-01
7.037214175997957843e-01
1.939046275538150454e-01
8.020514391313464664e-01
6.489106401705830862e-01
3.847577436510178917e-01
6.172700738448018143e-01
9.191538786234841885e-01
9.070260996586758662e-01
3.876741965644911470e-01
5.316543546263645670e-01
3.380413174462241765e-01
7.528854019716735291e-01
2.951969629342459100e-01
2.970032016517212270e-01
3.432729453193957836e-01
7.055641245944224149e-01
8.292533504626276031e-01
1.939046275538150454e-01
7.102022042198889995e-01
8.296195286843719430e-01
8.097788762388504757e-01
0.000000000000000000e+00
1.804225310941875160e-01
1.562949642925893501e-01
0.000000000000000000e+00
4.172433752637185189e-01
9.031099302861175238e-01
7.413329062617093346e-01
3.760925350357419150e-01
7.426242218777382442e-01
9.005525682788656505e-01
3.676133889358255691e-01
9.743518138038850251e-01
5.949192578555291266e-01
5.636756472551712749e-01
7.664981129673775762e-01
6.813344418374882583e-01
6.466793988914687485e-01
3.743167554595222546e-01
8.516406220426038232e-01
9.216747811629731890e-01
4.695404326309753906e-01
6.116307416500165184e-01
4.485234173970551463e-01
4.642374799641091898e-01
2.271623456977431288e-01
2.504965787866874627e-01
0.000000000000000000e+00
8.287188769984992209e-01
0.000000000000000000e+00
6.042622026949532321e-01
0.000000000000000000e+00
1.278775755492747024e-01
0.000000000000000000e+00
1.701720272468975337e-01
8.454279554832426768e-01
5.088444414955413109e-01
3.796561712735526672e-01
6.442966123948549173e-01
5.666193442917296652e-01
2.745099196857050394e-01
4.849401216228824696e-01
6.857554304000079703e-01
4.994993322264939528e-01
2.454850843239518299e-01
4.542349681632811276e-01
8.332447492489760688e-01
1.975127005536861102e-01
0.000000000000000000e+00
1.775213306246028744e-01
3.107817157852911794e-01
4.408467438775587333e-01
3.361233377135379730e-01
5.985725146211755276e-02
2.944776357626280872e-01
3.923073225566388600e-01
3.384456422164617284e-01
6.349746605548542977e-01
5.961673722573848089e-01
5.096691652850361409e-01
7.492941805764040675e-01
8.505046795448503172e-01
5.132015198413218959e-01
5.512434044556280277e-01
3.369193741155243615e-01
5.707068289200383227e-01
2.110081442764228654e-01
4.195837634636470082e-01
3.648598020031612044e-01
9.339880272164234609e-02
1.955350382676390719e-01
2.906995931833645797e-01
6.965929224987759127e-01
5.384863616292472344e-01
2.664057304773729262e-01
5.427336625181161667e-01
5.798795065440566221e-01
3.225056972185713633e-01
6.933514125727707755e-01
0.000000000000000000e+00
4.354549232385677149e-01
9.193550609195801915e-01
3.843330184187290222e-01
6.398090623807503041e-01
9.109226376418726456e-01
0.000000000000000000e+00
0.000000000000000000e+00
0.000000000000000000e+00
4.111570024566192916e-01
4.031664140952845865e-01
5.458146775525569705e-01
9.851223620389764069e-01
5.638549417611361525e-01
5.740109509090421946e-01
2.519332450643587684e-01
4.790994057886500124e-01
0.000000000000000000e+00
2.256511305904852493e-01
2.976305286775827175e-01
3.310125465619289109e-01
3.514846191531227904e-01
9.017253477159500319e-01
9.814183058808805260e-01
3.273232768191393638e-01
9.742226843985387630e-01
3.152993833914674027e-01
3.539805475084385478e-01
2.828192760660617200e-01
2.876260955878122139e-01
0.000000000000000000e+00
5.709399567478022908e-01
6.564943435343570943e-01
0.000000000000000000e+00
1.256764973778493610e-01
2.158109885276685569e-01
2.267690906173947252e-01
1.052689764799209782e-01
2.155254676879100051e-01
3.870327716075889768e-01
5.513155420733115708e-01
