5.647359770392865741e-01
1.639657871763961494e-01
3.086932733812327023e-01
6.091197260172849237e-01
2.073242878100461650e-01
2.643792307765249761e-01
2.570178676700096698e-01
5.221587043975048914e-01
1.771790400781452224e-01
4.093343037757758984e-01
6.275923134892538169e-01
6.091197260172847017e-01
6.091197260172849237e-01
4.806999110979645051e-01
5.712308245690576047e-01
5.647359770392865741e-01
5.834073652697191470e-01
5.647359770392865741e-01
5.143762754789020786e-01
8.180288236246369138e-01
