4.858385248470790674e-01
0.000000000000000000e+00
6.510427254326420776e-01
4.103031574212055443e-01
0.000000000000000000e+00
0.000000000000000000e+00
3.835091073017919683e-02
7.058696222872526960e-01
0.000000000000000000e+00
0.000000000000000000e+00
0.000000000000000000e+00
0.000000000000000000e+00
0.000000000000000000e+00
3.388024852034663553e-02
4.596095575454078874e-01
5.477806560374424150e-01
3.463271338073120043e-01
4.523034994862735747e-01
3.466994840730810989e-01
3.556953999195406335e-01
1.196016892929554903e-01
0.000000000000000000e+00
4.523034994862735747e-01
4.596095575454078874e-01
3.463271338073120043e-01
5.477806560374424150e-01
4.737343320407425007e-01
0.000000000000000000e+00
0.000000000000000000e+00
5.359603214375293634e-01
5.001409444891663503e-01
1.269372316990429461e-01
5.018745169820802987e-01
1.404819209547868708e-01
3.463271338073120043e-01
4.532135722398374367e-01
5.911950763836310019e-02
3.927959620359953719e-01
5.477806560374424150e-01
5.595189642323306067e-01
4.523034994862735747e-01
3.556953999195406335e-01
4.370526020975945003e-01
3.977278248109624159e-01
4.596095575454078874e-01
4.783332743659315933e-01
3.466994840730810989e-01
0.000000000000000000e+00
1.404819209547868708e-01
4.438251805636380665e-01
0.000000000000000000e+00
4.523034994862735747e-01
3.463271338073120043e-01
5.477806560374424150e-01
1.404819209547868708e-01
4.596095575454078874e-01
7.859415302844794393e-01
5.871656376666593014e-01
0.000000000000000000e+00
4.402152927376271063e-01
7.886036432148835207e-01
3.463271338073120043e-01
8.524714444704524219e-01
5.477806560374424150e-01
4.523034994862735747e-01
4.596095575454078874e-01
5.836477893478889678e-01
0.000000000000000000e+00
1.269372316990429461e-01
0.000000000000000000e+00
2.542265625056486233e-01
1.198054423301257998e-01
4.377603616174727819e-01
0.000000000000000000e+00
3.875735572949896013e-01
0.000000000000000000e+00
0.000000000000000000e+00
4.383667974111060683e-01
4.175007953754211742e-01
0.000000000000000000e+00
1.284401205964091908e-01
0.000000000000000000e+00
4.584392180091279578e-01
4.680968812268621049e-01
0.000000000000000000e+00
5.818552343407925459e-02
4.394176660020816111e-02
0.000000000000000000e+00
0.000000000000000000e+00
0.000000000000000000e+00
0.000000000000000000e+00
0.000000000000000000e+00
0.000000000000000000e+00
7.554968496063831918e-01
4.593433517165972368e-01
8.070963857708965961e-01
6.028033441046960483e-01
7.686503165721523256e-01
5.268084080336032926e-01
5.443060245518022144e-01
4.209165288279448358e-01
4.612982588636165282e-01
3.580539616965355276e-01
4.384608978792340905e-01
3.288659886830678225e-01
5.574914265468485786e-01
4.066318034172349272e-01
4.034845025953807673e-01
4.026648453957493712e-01
5.782620334788270977e-01
3.191823213225821743e-01
3.705945590012996171e-01
4.395701902411838224e-01
6.224388489449454998e-01
4.044345055782750942e-01
5.091116704000918647e-01
6.158203318517270208e-01
5.058567025379915316e-01
6.140732199373868383e-01
2.410156346474115474e-02
6.168556533737350467e-01
0.000000000000000000e+00
2.778917335759399920e-01
4.437351408681213805e-01
4.923772046596098240e-01
3.459662647362611865e-01
6.011501926794948769e-01
0.000000000000000000e+00
7.636660215403180407e-01
6.286735678626678703e-02
0.000000000000000000e+00
4.585492281471403170e-02
0.000000000000000000e+00
6.173791468394285165e-01
3.545827021918953048e-01
4.282888344529597879e-01
3.203130899751522875e-01
5.579167602864867348e-01
5.580969450762194306e-01
0.000000000000000000e+00
5.946644547740432829e-01
3.513180849781467052e-01
5.243713862693447636e-01
3.779086344756104610e-01
3.382887999726726935e-01
4.079062414337752407e-01
1.439548921510286905e-01
8.755672765325088480e-02
7.780240740742774830e-02
1.748552063795265621e-01
8.107346025713093596e-01
3.463271338073120043e-01
4.523034994862735747e-01
0.000000000000000000e+00
5.477806560374424150e-01
8.027800658575318105e-01
0.000000000000000000e+00
4.596095575454078874e-01
1.208520350166595453e-01
6.421529519569937339e-01
4.523034994862735747e-01
4.043824955001727450e-01
5.477806560374424150e-01
7.661304976652791865e-01
4.596095575454078874e-01
2.312942240608777955e-01
7.693991980880858506e-02
2.997906617670673679e-01
4.234503572455634024e-01
4.321051200898655686e-01
5.152836883166287407e-01
3.642707992464352396e-01
5.148556374085309084e-01
0.000000000000000000e+00
4.035476424569407472e-01
3.463271338073120043e-01
5.477806560374424150e-01
4.523034994862735747e-01
4.596095575454078874e-01
5.393371776846217491e-01
4.318080700214803613e-01
5.160443000539469693e-01
4.234503572455634024e-01
5.148556374085309084e-01
5.369105949813928191e-01
4.321051200898655686e-01
0.000000000000000000e+00
3.182010756332302459e-01
0.000000000000000000e+00
7.485597654517344157e-01
0.000000000000000000e+00
5.852711335545361937e-01
0.000000000000000000e+00
5.920090558398555247e-01
3.763696463980616969e-01
2.799551068801539588e-01
1.687579358569203380e-01
2.622112807606065132e-01
3.436321697214491100e-01
4.823899928702010675e-01
1.556052073276735226e-01
2.549850116558410318e-01
5.974398025577830618e-01
6.088730183946142738e-01
7.473747406826131146e-01
4.275082476655744229e-02
1.472786492267884606e-01
1.644305309855231267e-01
5.696117175193743387e-01
4.644881983350565013e-01
2.324655920315309710e-01
4.149468474468662182e-01
7.143507050721220608e-01
2.382050769852114003e-01
6.081463714080583838e-01
6.278599016751256201e-01
6.535988267492531811e-01
2.293891924945089256e-01
2.555178456229462713e-01
6.283705060242138485e-01
1.985108152454203301e-01
2.222541346530594875e-01
2.234509314480332409e-01
4.848826748321793945e-01
3.786238282962933743e-01
3.314887614281109007e-01
4.665369626241883116e-01
4.537266800574957237e-01
2.274185860401959081e-01
2.709838229508662599e-01
5.158200410861842888e-01
5.103785074599015426e-01
0.000000000000000000e+00
3.163271407676347957e-01
4.631005707653185755e-01
2.126088055976574354e-01
3.453927336964750516e-01
3.247878911293967108e-01
4.888957606188855665e-01
4.942198104992088781e-01
1.963977689843948160e-01
1.221489878336763923e-01
5.863552388650399294e-01
1.308090057535243045e-01
6.237978123153328225e-01
3.255882748250448766e-01
1.968649852054284999e-01
4.368273556963329085e-01
5.901160205501425615e-01
2.387843436830326127e-01
3.612933648939304354e-01
3.314887614281109007e-01
1.761378811188631099e-01
6.864226353481609477e-01
4.002426810226373810e-01
5.479384162430676053e-01
2.147742549712459148e-01
2.234509314480332409e-01
1.921749197433818834e-01
6.955532085992804925e-01
0.000000000000000000e+00
7.669847395356966802e-01
6.032251040441972689e-01
7.303932408024382816e-01
2.361030623178097046e-02
7.240316086778815219e-01
6.783061697745703666e-01
4.367450126400801436e-01
8.587808198129972537e-01
7.000065207629755371e-01
2.925106865278260734e-02
5.597379867301498502e-01
3.496452419875391571e-01
3.698241851295686056e-01
5.361736569151690501e-01
8.119628822358390119e-01
0.000000000000000000e+00
5.508620110616139209e-01
4.678876813597306894e-01
2.031317901102662471e-01
1.636075942405877670e-01
7.743109517162731770e-01
2.627717330855819378e-01
2.203854337956088760e-01
3.134950844045955032e-01
6.053280339324241810e-01
0.000000000000000000e+00
2.411186251019519222e-01
2.534099863663055729e-01
8.498617921407729536e-01
6.811072786052340122e-01
6.211771267502836924e-01
1.136152253189700867e-01
3.561617830125468620e-01
4.653684527778859104e-01
0.000000000000000000e+00
1.925455765027386523e-01
7.661936183054543492e-02
4.719820471503995973e-01
7.704381037712541846e-02
0.000000000000000000e+00
0.000000000000000000e+00
3.858127846106677583e-01
4.965020769327503358e-01
5.370971677961413615e-01
2.895633400661367096e-01
4.601250545723732377e-01
3.666617384631262189e-01
9.440796640975741838e-02
4.523034994862735747e-01
3.463271338073120043e-01
0.000000000000000000e+00
5.477806560374424150e-01
7.666412949448832004e-01
0.000000000000000000e+00
4.596095575454078874e-01
2.952459393511026597e-01
7.726997111181963529e-01
0.000000000000000000e+00
6.990795570421736160e-01
6.211021423242940598e-01
7.847295219984302683e-01
4.610409808832564571e-01
6.307647106157043826e-01
8.008830833406901384e-01
2.678441592135843430e-01
0.000000000000000000e+00
2.893689823119277582e-01
5.320344008285536885e-01
2.689012159650234213e-01
2.395371890539532700e-01
4.924451407554071292e-01
3.663641765400948991e-01
0.000000000000000000e+00
5.078837789682312254e-01
2.925256280985890633e-01
2.490405668096809522e-01
2.587608299764852515e-01
7.443498777962790358e-01
2.159657951247266339e-01
3.939117399934590202e-01
0.000000000000000000e+00
2.779772880906830057e-01
8.597958928264110012e-02
0.000000000000000000e+00
2.184627707887936698e-01
1.415833783471168172e-01
3.338875358588445086e-01
5.108500698636426751e-01
0.000000000000000000e+00
0.000000000000000000e+00
3.306313845457269363e-01
0.000000000000000000e+00
7.621184689002482582e-01
7.103519091824471721e-01
1.450650388112147970e-01
5.726695071817332616e-01
7.780240740742774830e-02
6.710929457749780225e-01
2.616697015727293407e-01
2.034745732685537267e-01
0.000000000000000000e+00
0.000000000000000000e+00
1.366407503183051375e-01
3.127184025332394590e-01
3.378394559536601061e-01
4.028282620443527917e-01
2.542484222180358966e-01
0.000000000000000000e+00
2.512575944908401054e-02
2.147208881287031024e-01
7.070511088105148056e-01
2.714053824783481117e-01
2.323947189042752381e-01
5.661589290855271184e-01
8.181391738198121599e-01
2.073113233265993505e-01
5.590381836920648162e-01
0.000000000000000000e+00
2.000957684291503613e-01
0.000000000000000000e+00
1.470638074878881651e-01
3.805440253722498500e-01
3.729266115439181517e-01
1.858769382084115018e-01
5.331248775743604451e-01
3.090543907391141154e-01
2.232584310626242463e-01
0.000000000000000000e+00
7.650121699894130156e-02
1.293294733260087481e-01
3.351275142171381005e-01
1.033054569829572750e-01
2.660276024934393746e-01
4.464789094070008013e-01
3.855045219851647720e-01
0.000000000000000000e+00
3.135138727574110495e-01
2.719923705718452767e-01
0.000000000000000000e+00
0.000000000000000000e+00
0.000000000000000000e+00
7.118556763851088265e-01
4.928438369439293587e-01
0.000000000000000000e+00
9.762871666045609687e-02
1.314067349096147141e-01
3.375280269897852903e-01
3.351756368289184884e-01
0.000000000000000000e+00
6.832092317156600592e-01
0.000000000000000000e+00
4.982898664298773261e-01
4.646632272028728972e-01
5.076210834018102247e-01
0.000000000000000000e+00
3.718969738348708032e-01
1.852450791853475776e-01
4.486664069153980527e-01
4.985497180003480855e-01
3.953317336971151064e-01
1.735202089311930207e-01
5.264271968538871554e-02
4.246742847809983346e-01
2.456458530115966654e-01
1.334966368501537548e-01
7.703222879322452199e-02
1.272579557528427108e-01
3.491762607910802174e-01
1.813918149817798087e-01
0.000000000000000000e+00
2.615486472355856851e-01
2.151029419856052838e-01
2.256246766903340917e-01
0.000000000000000000e+00
2.303146670811571095e-01
0.000000000000000000e+00
3.305881798027926477e-01
8.358433500119052950e-02
3.946080320598359670e-01
0.000000000000000000e+00
1.054127462914893759e-01
0.000000000000000000e+00
3.300936479542468382e-01
1.606914572794221063e-01
3.841158731444016539e-01
1.773749101880371382e-01
4.740450213502689913e-01
0.000000000000000000e+00
4.092299722425977310e-02
1.403269281807963953e-01
1.513238047366479433e-01
0.000000000000000000e+00
0.000000000000000000e+00
0.000000000000000000e+00
0.000000000000000000e+00
0.000000000000000000e+00
0.000000000000000000e+00
3.092842324632718576e-01
3.624912828830783584e-01
1.405100050587922977e-01
1.795099584152760330e-01
3.493309357124695369e-01
5.372015851704854406e-01
5.917377504842524089e-02
6.246009648980316298e-02
2.477613386257016548e-01
0.000000000000000000e+00
3.310344572748194492e-01
2.819848067349949028e-02
1.840300654769872479e-01
5.042193660232195951e-01
4.031065807772100662e-01
4.974862220719620254e-01
1.304647096477732360e-01
4.265422456024212661e-01
0.000000000000000000e+00
3.034224064608127547e-01
4.411370026715029091e-01
4.596095575454078874e-01
3.978583929243401096e-01
3.535318827576806044e-01
2.314168411592355257e-01
4.523034994862735747e-01
0.000000000000000000e+00
0.000000000000000000e+00
5.477806560374424150e-01
0.000000000000000000e+00
2.655837399165187351e-01
0.000000000000000000e+00
0.000000000000000000e+00
2.381336526027411915e-01
2.741880061086698905e-02
1.806229023035527126e-01
0.000000000000000000e+00
0.000000000000000000e+00
0.000000000000000000e+00
4.723834669141357967e-01
0.000000000000000000e+00
5.493571690738692503e-02
0.000000000000000000e+00
0.000000000000000000e+00
2.351541443627794270e-01
4.143159534387468312e-01
4.050882363964404265e-01
2.030372833534685451e-01
1.558252289939599522e-01
6.100425064601192604e-01
3.341120887675738116e-01
3.255043125825129446e-01
1.126689688801527645e-01
1.009255898072966146e-01
1.918647601315006945e-01
4.549726537034293194e-01
1.161526879092021070e-01
3.162766187882098956e-01
3.627347048582815758e-01
9.011421065947992914e-02
3.404198763403353811e-01
2.877219378812000405e-01
1.973159424127030603e-01
1.926651868782780219e-01
3.550861254814805523e-01
1.434819309616790772e-01
3.123404337227865257e-01
3.690205723614707334e-01
5.960609911493019997e-01
3.724228987589166540e-01
3.418456100725623115e-01
3.625944698033147229e-01
2.245552265793224478e-01
3.888328041836909832e-01
3.021726579446369354e-01
4.078043650429450384e-01
3.888328041836909832e-01
3.773351113083759367e-01
3.223551396134430869e-01
6.312672024579276675e-01
6.123923185108287592e-01
6.427548383542072141e-01
0.000000000000000000e+00
0.000000000000000000e+00
0.000000000000000000e+00
0.000000000000000000e+00
3.800971514262727058e-01
0.000000000000000000e+00
0.000000000000000000e+00
4.175007953754211742e-01
0.000000000000000000e+00
4.400776060769733822e-01
0.000000000000000000e+00
0.000000000000000000e+00
1.033159554592067708e-01
4.799671436087397658e-01
5.341136842171123611e-01
0.000000000000000000e+00
6.693397366472001453e-01
0.000000000000000000e+00
6.178441819267010970e-01
4.616410110743651152e-01
0.000000000000000000e+00
2.599000746233889880e-01
4.666361626434471499e-01
3.737360474794403919e-01
0.000000000000000000e+00
0.000000000000000000e+00
4.156099634767186357e-01
0.000000000000000000e+00
0.000000000000000000e+00
1.420236008215459977e-01
5.264989562217233798e-01
5.276708593339253239e-01
5.596621431555279802e-01
4.926161698105248621e-01
4.961564100473531136e-01
0.000000000000000000e+00
4.335827797056118760e-01
6.402224291836441372e-01
0.000000000000000000e+00
5.880068679260901376e-01
0.000000000000000000e+00
5.398143992741724073e-01
6.369708492505697928e-01
5.957048152505781680e-01
0.000000000000000000e+00
0.000000000000000000e+00
4.698459081877034982e-01
5.720924312966048086e-01
0.000000000000000000e+00
6.387320047191304973e-01
6.357876678167070361e-01
5.391382205526141780e-01
5.786044130736007762e-01
4.679348609781082691e-01
0.000000000000000000e+00
4.137148022735759323e-01
4.695998805557778377e-01
1.072840036545948950e-01
1.854966670688755481e-01
0.000000000000000000e+00
0.000000000000000000e+00
5.066596923036320588e-01
4.938277043066476302e-01
3.672472029878163235e-01
1.257690966662570187e-01
0.000000000000000000e+00
0.000000000000000000e+00
2.444347316305884865e-01
0.000000000000000000e+00
5.477806560374424150e-01
4.523034994862735747e-01
3.463271338073120043e-01
4.596095575454078874e-01
5.477806560374424150e-01
4.596095575454078874e-01
4.523034994862735747e-01
3.834582998942610566e-01
3.463271338073120043e-01
3.108606846899720777e-01
4.523034994862735747e-01
4.596095575454078874e-01
2.669875872770186009e-01
3.463271338073120043e-01
5.477806560374424150e-01
0.000000000000000000e+00
7.931537909326537295e-02
5.477806560374424150e-01
4.523034994862735747e-01
4.596095575454078874e-01
3.140033958744491427e-01
2.648996574624676859e-01
3.034306143318099905e-02
1.850821513244632344e-01
4.168176522132662765e-01
1.346544089458941718e-01
2.226518203999694745e-01
1.026606992330848511e-01
4.104306099124808149e-01
2.848282095536140979e-01
2.257910480470140535e-02
1.754915927892300165e-01
2.009301488360749899e-01
3.909551609060871180e-01
2.543765048017735952e-01
7.707100722960510963e-02
4.056683481547711523e-01
1.522304293309898193e-01
1.332154908474531552e-01
1.257681948953659756e-01
5.572597979138054214e-01
1.201413496459225183e-01
2.003946533885769266e-01
2.710835920198242932e-01
2.352108277431654570e-01
7.300416596355210341e-01
2.241945578652138615e-01
4.405600123586082550e-01
5.261129866385708675e-01
1.105004784934119494e-01
3.220862386922196396e-01
6.716622921455528417e-01
2.376648908062117260e-01
5.615307291913259613e-01
5.120858814018052207e-01
4.593526497829515387e-01
4.969888143022319071e-01
5.123819675656862138e-01
0.000000000000000000e+00
3.251468807730277799e-01
2.981991890492032282e-01
5.347938607063199568e-01
3.759941794021468553e-01
5.419025166351860712e-01
2.547545677664114216e-01
1.148625875396554474e-01
4.190705535835631546e-01
3.016958581651073001e-01
4.527902274046992637e-01
5.848848509576225208e-02
4.442582963570071986e-01
4.937892191054347180e-01
2.926211897396207018e-01
2.290630824187691872e-01
9.033808144507425586e-02
2.048442541220760749e-01
1.522543078698263552e-01
4.650469745035434310e-01
5.024714708027266941e-01
8.242491074310000221e-02
3.120264690248567563e-01
4.213182535623380964e-01
1.328920141214457729e-01
1.077771567318293600e-01
0.000000000000000000e+00
0.000000000000000000e+00
6.819769823755500449e-01
6.083242183238061207e-01
2.842828369368618491e-01
4.596095575454078874e-01
4.523034994862735747e-01
3.463271338073120043e-01
5.477806560374424150e-01
2.086124890625159212e-01
4.143912863347156694e-01
4.791723009431018698e-01
2.649332363379345301e-01
5.064957566484656892e-01
5.612043251505254293e-01
0.000000000000000000e+00
0.000000000000000000e+00
2.225762569686044190e-01
2.272886753092447643e-01
2.243644472325821357e-02
1.441189228059943685e-02
0.000000000000000000e+00
2.816681672795661173e-01
0.000000000000000000e+00
0.000000000000000000e+00
0.000000000000000000e+00
0.000000000000000000e+00
0.000000000000000000e+00
0.000000000000000000e+00
2.568141700281224571e-01
4.999439828392070462e-01
3.454800935294235487e-01
6.029947297615190216e-01
5.155706783601365917e-01
2.646535548199637766e-01
3.546839158866793018e-01
9.331463448350950374e-02
3.866136067270082854e-01
4.130667938329007360e-01
1.771811266363563786e-01
6.270607737094493483e-01
2.524230120872316685e-01
4.039080817765743348e-01
2.917838762311416034e-01
4.245144908544412621e-01
3.919891616257249467e-01
9.009658145957472053e-02
5.142392649381699599e-01
2.674229708111217629e-01
4.775734387195391950e-02
2.410264153173804214e-01
0.000000000000000000e+00
2.615705271393559128e-02
0.000000000000000000e+00
5.477806560374424150e-01
4.523034994862735747e-01
3.463271338073120043e-01
4.596095575454078874e-01
3.540201069069677797e-01
4.587387152569353255e-01
6.256367546937376956e-01
1.704375127512049448e-01
2.215763272085598812e-01
0.000000000000000000e+00
4.002630131304746319e-01
3.246523810371982344e-01
1.733451738045658219e-01
5.078733730948399305e-01
4.241874193332195730e-01
4.899452390928491496e-01
5.270624059852365706e-01
5.308748110281132915e-01
3.438346968410041504e-01
5.137634783396463622e-02
6.438838105635479314e-01
6.386177252574756213e-01
5.999830166835455891e-01
5.126323374170284053e-01
2.187018686123847616e-02
3.383509385099101041e-01
4.599289512157523907e-01
5.164800772481241697e-01
6.380573984016644218e-01
5.191899765191309024e-01
5.018525788579480951e-01
4.060533406150287905e-02
4.647867094753075912e-01
0.000000000000000000e+00
3.747268607477466373e-02
3.469519427646710064e-01
7.123939699960910588e-01
0.000000000000000000e+00
3.537550062033462117e-01
3.117465765490459728e-01
3.749942479928831118e-01
3.070573572349863944e-01
3.171172222600976975e-01
0.000000000000000000e+00
0.000000000000000000e+00
6.686242261041617230e-01
4.596095575454078874e-01
4.523034994862735747e-01
5.477806560374424150e-01
3.463271338073120043e-01
0.000000000000000000e+00
3.463271338073120043e-01
3.466994840730810989e-01
4.596095575454078874e-01
5.477806560374424150e-01
0.000000000000000000e+00
4.523034994862735747e-01
0.000000000000000000e+00
0.000000000000000000e+00
2.006523651393714303e-02
3.673716787751118984e-01
9.304415312980259811e-01
1.708466814057304772e-01
6.082256243522903283e-01
4.282737605104974810e-01
7.566234300359757636e-01
3.623788731878289093e-01
3.525311829976989220e-01
4.974862220719620254e-01
5.042193660232195951e-01
9.433064886266814830e-02
5.275549904917674615e-01
1.393678554327694996e-01
0.000000000000000000e+00
0.000000000000000000e+00
4.354756704137544565e-01
9.070803409330729927e-02
0.000000000000000000e+00
0.000000000000000000e+00
0.000000000000000000e+00
6.024607117143681023e-01
4.073574484685712482e-01
6.647733358517724511e-01
0.000000000000000000e+00
0.000000000000000000e+00
3.774198284299699613e-01
5.784548503484429061e-01
5.288636327402995718e-01
3.367408804522936672e-01
1.053882826179456389e-01
4.900195653700187282e-01
0.000000000000000000e+00
2.361030623178097046e-02
6.865783477506377797e-02
1.136152253189700867e-01
7.704381037712541846e-02
3.717705220686060019e-01
2.116233396576201742e-01
2.737226377979226632e-01
1.617579668740821985e-01
2.941624966657366974e-02
2.888609036851351730e-01
2.129887418186913739e-01
6.161244452104391867e-01
0.000000000000000000e+00
0.000000000000000000e+00
0.000000000000000000e+00
0.000000000000000000e+00
2.129991481927366870e-01
1.149079062683172475e-01
5.647936043037544707e-01
5.600576305532188881e-01
5.682978107604074181e-01
5.598019148284806290e-01
5.851535159682939025e-01
0.000000000000000000e+00
0.000000000000000000e+00
4.523034994862735747e-01
3.463271338073120043e-01
4.596095575454078874e-01
3.466994840730810989e-01
5.477806560374424150e-01
1.505129675134810746e-02
3.083956793734731264e-02
0.000000000000000000e+00
1.107015856239620261e-01
2.225433537740529599e-01
3.219352019996511993e-01
6.933121557835013327e-02
1.524906362812395444e-01
9.690622925725435322e-02
0.000000000000000000e+00
4.438251805636380665e-01
0.000000000000000000e+00
7.969917548967971888e-01
1.850009192138903358e-01
4.906824208880366522e-01
6.389636822449626385e-02
4.148099385958244900e-01
4.076040572664879069e-01
3.283059500182494150e-01
0.000000000000000000e+00
0.000000000000000000e+00
3.568638005015988268e-01
1.954844244147651011e-01
1.204218601404254824e-01
0.000000000000000000e+00
2.380318261432603499e-01
2.103068153046847716e-02
7.664542718824023104e-02
4.431961640067261232e-01
4.474590252604928597e-01
3.788212269469095617e-01
3.027123447210259277e-01
3.872976419745588483e-01
1.798010197045193659e-01
5.569552648049034271e-01
5.835918418370797944e-01
2.856174789751234622e-01
3.640430867962029526e-01
2.106274942858465116e-01
2.702331269596658925e-01
0.000000000000000000e+00
2.365200408434042778e-01
0.000000000000000000e+00
3.000901321116586917e-01
7.691235492437311638e-01
7.624480482955802163e-01
0.000000000000000000e+00
2.678854236791077259e-01
4.620783981483085334e-01
2.518698034388938689e-01
0.000000000000000000e+00
2.177933164811463040e-01
6.139909549196701510e-01
2.153973903438691218e-01
0.000000000000000000e+00
2.727205870333978543e-01
0.000000000000000000e+00
8.380865828801976614e-01
7.182842640483551033e-01
6.368465390019704131e-01
7.392725418519245917e-01
6.553653478807631716e-01
7.407103799848924197e-01
0.000000000000000000e+00
7.280308330080842438e-01
3.134750975876011703e-01
7.883695440055807357e-02
7.780240740742774830e-02
1.469880265594531998e-01
2.022856519349695847e-01
2.225433537740529599e-01
1.622268428457842027e-01
2.964136920911253012e-02
9.122257638473746377e-02
7.257270452724320364e-01
1.063084421661257134e-01
4.596095575454078874e-01
4.523034994862735747e-01
5.477806560374424150e-01
2.040534949616923666e-01
1.650663637379522486e-01
2.006066941607335258e-02
2.361030623178097046e-02
0.000000000000000000e+00
1.669980560528240218e-02
0.000000000000000000e+00
4.523034994862735747e-01
4.596095575454078874e-01
3.463271338073120043e-01
5.477806560374424150e-01
2.603187557338325006e-02
0.000000000000000000e+00
5.477806560374424150e-01
4.523034994862735747e-01
4.596095575454078874e-01
3.463271338073120043e-01
0.000000000000000000e+00
0.000000000000000000e+00
1.836271375617783835e-02
4.826365522105369732e-01
0.000000000000000000e+00
3.463271338073120043e-01
4.523034994862735747e-01
4.596095575454078874e-01
5.477806560374424150e-01
0.000000000000000000e+00
0.000000000000000000e+00
0.000000000000000000e+00
2.761888803130623238e-01
5.320185095739630166e-01
0.000000000000000000e+00
2.542265625056486233e-01
3.441767329492319560e-01
8.087464148823010623e-02
4.105481764175356041e-01
3.132184632708321370e-01
2.541835343730506347e-01
3.573582201347882958e-01
1.157143951812196619e-01
3.225369106410139741e-01
2.657983724702318029e-01
1.307653133182095917e-01
9.011335822906439696e-02
5.299306782383697012e-01
2.933177283847558936e-01
5.728214624123236787e-01
5.663431845391931896e-01
3.490764102938391789e-01
2.220119268979194316e-01
3.543193814276475173e-01
2.599155232100169299e-01
0.000000000000000000e+00
4.231871724489335573e-01
2.487149695628179669e-01
5.948580806961972778e-01
6.566931207119919289e-02
0.000000000000000000e+00
0.000000000000000000e+00
1.404312329602435128e-01
5.099738599121077937e-02
5.871656376666593014e-01
5.836477893478889678e-01
0.000000000000000000e+00
2.840261023748696934e-01
5.059796924860273659e-01
7.859415302844794393e-01
2.070058545600666211e-01
7.886036432148835207e-01
2.768077137383305186e-01
2.620385518622549981e-01
3.490737593324269028e-01
0.000000000000000000e+00
1.404819209547868708e-01
3.573582201347882958e-01
0.000000000000000000e+00
0.000000000000000000e+00
