3.937253305547182003e-01
5.018755939687975509e-01
6.328243698868077916e-01
2.161530927586563233e-01
4.985485794196012899e-01
5.588015508041783708e-01
2.460387453196655749e-01
1.911148584647642534e-01
4.117896796160847028e-01
4.420831280319120205e-01
8.120071235636429074e-01
0.000000000000000000e+00
3.392571461723042359e-01
1.247321469092982915e-01
2.042711216033437083e-01
1.952714946703080767e-01
4.962431452647604324e-01
0.000000000000000000e+00
2.411839945217746362e-01
4.248000616485415049e-01
2.120339945305761142e-01
3.291713348639663250e-01
3.482996753040483728e-01
5.027064578273188200e-02
7.333010708582408943e-02
7.219351118452187188e-02
5.936355102151580354e-01
5.978168386875640228e-02
6.390560701916111475e-01
7.398474334054182255e-02
6.643669905611266913e-01
4.942216162944538804e-01
1.522322018705306867e-01
4.134213287999156661e-01
3.459498508073158840e-01
2.884003548430281172e-01
2.490433786806853234e-01
1.345194919323771665e-01
1.540570595459104242e-01
2.576401093799781661e-01
0.000000000000000000e+00
4.088737374976328942e-01
4.994728131874759947e-01
5.846001644048926665e-02
5.864223773792968941e-02
3.149280691972914936e-01
2.623800367980387849e-01
6.805717400788627858e-01
3.974282027617793700e-01
5.118604939427165990e-01
3.425311441301827076e-01
6.849635647590135434e-01
4.031534694411986197e-01
5.055963146804952624e-01
7.809087732874391286e-01
7.749020756413776967e-02
0.000000000000000000e+00
5.637769393063203349e-01
0.000000000000000000e+00
5.574174737034165439e-01
4.966983819276339918e-01
2.005888162345958459e-01
4.036044134366515435e-01
6.214808525242766502e-01
4.048059153577812652e-01
2.804419493503746419e-01
7.923881786466433486e-01
0.000000000000000000e+00
