3.532163187613085453e-01
6.496412821559673922e-01
0.000000000000000000e+00
2.942466594887417353e-01
7.311692171272803353e-01
3.034260460913379975e-01
2.988897186567160968e-01
2.490017305835438566e-01
1.685039685526924513e-01
2.668434755990364837e-01
0.000000000000000000e+00
3.532163187613085453e-01
2.549498351633366355e-01
2.092368669043484786e-01
6.063942170938547704e-01
2.690116834791969613e-01
4.183149012361092045e-01
0.000000000000000000e+00
4.540745986554853841e-01
5.477231215713923573e-01
1.736826921752631647e-01
2.220175480449269323e-01
2.183422408990737806e-01
3.532163187613085453e-01
2.899326399413493238e-01
2.090253583387550185e-01
4.329247161726880178e-01
4.329247161726880178e-01
2.090253583387550185e-01
6.401919594517220258e-01
5.820274977960424589e-01
0.000000000000000000e+00
4.370997312465895179e-01
5.143678700380820423e-01
3.232636225732827828e-01
1.875987054173097468e-01
4.965965828913281865e-01
3.988644952005614419e-01
2.743318447018270878e-01
4.226433198499125465e-01
0.000000000000000000e+00
5.162540629160614625e-01
3.551295152193115756e-01
7.312937112808381990e-02
2.205768668752627060e-01
3.391394482216815720e-01
1.661943499005159863e-01
1.629626100729904825e-01
4.265146035121316626e-01
3.470596326594702630e-01
1.510476691342684807e-01
6.328579906500728658e-01
7.267460339234002586e-02
2.054645693121484040e-01
5.071348587794051177e-01
